-0.29999998211860657,0.019999999552965164,9.529999732971191,31.0,-2.25,-0.125,0.0,0.125,0.125,-2.25,-6.5625,64.5625,0.96331787109375,0.0068359375,0.018798828125,-0.26763916015625,70.0,4,1,1,1,1,295167.0,14683
-0.29999998211860657,0.0,9.5,31.0,-2.25,-0.125,0.0,-0.125,0.0,-2.25,-6.5625,64.5625,0.96331787109375,0.0068359375,0.018798828125,-0.26763916015625,70.0,4,1,1,1,1,295187.0,14684
-0.3199999928474426,0.0,9.510000228881836,31.0,-2.25,-0.125,0.0625,-0.0625,-0.0625,-2.25,-6.5625,64.5625,0.96331787109375,0.0068359375,0.018798828125,-0.26763916015625,70.0,4,1,1,1,1,295209.0,14685
-0.3199999928474426,-0.019999999552965164,9.519999504089355,31.0,-2.25,-0.125,0.0625,0.125,0.0,-1.5625,-6.1875,64.5625,0.96331787109375,0.0068359375,0.018798828125,-0.26763916015625,70.0,4,1,1,1,1,295227.0,14686
-0.3100000023841858,-0.009999999776482582,9.5,31.0,-2.25,-0.125,0.0625,0.0,-0.0625,-1.5625,-6.1875,64.5625,0.96331787109375,0.0068359375,0.018798828125,-0.26763916015625,70.0,4,1,1,1,1,295247.0,14687
-0.3100000023841858,0.0,9.529999732971191,31.0,-2.25,-0.125,0.0625,0.0,0.0625,-1.1875,-5.0625,64.5625,0.96331787109375,0.0068359375,0.018798828125,-0.26763916015625,70.0,4,1,1,1,1,295266.0,14688
-0.29999998211860657,0.0,9.510000228881836,31.0,-2.25,-0.125,0.0,0.0,0.0625,-1.1875,-5.0625,64.5625,0.96331787109375,0.0068359375,0.018798828125,-0.26763916015625,70.0,4,1,1,1,1,295287.0,14689
-0.3100000023841858,0.0,9.510000228881836,31.0,-2.25,-0.125,0.125,-0.0625,-0.0625,-1.1875,-5.0625,64.5625,0.96331787109375,0.0068359375,0.018798828125,-0.26763916015625,70.0,4,1,1,1,1,295309.0,14690
-0.3199999928474426,0.0,9.519999504089355,31.0,-2.25,-0.125,0.0,0.0,-0.0625,-3.0,-6.1875,65.375,0.96331787109375,0.0068359375,0.018798828125,-0.26763916015625,70.0,4,1,1,1,1,295327.0,14691
-0.3199999928474426,0.0,9.5,31.0,-2.25,-0.125,-0.0625,0.0,0.125,-3.0,-6.1875,65.375,0.96331787109375,0.0068359375,0.018798828125,-0.26763916015625,70.0,4,1,1,1,1,295347.0,14692
-0.3100000023841858,0.0,9.510000228881836,31.0,-2.25,-0.125,0.0625,0.0625,-0.0625,-1.5625,-6.5625,63.25,0.96331787109375,0.0068359375,0.018798828125,-0.26763916015625,70.0,4,1,1,1,1,295367.0,14693
-0.29999998211860657,0.0,9.5,31.0,-2.25,-0.125,-0.125,0.0625,-0.0625,-1.875,-5.875,64.0625,0.96331787109375,0.0068359375,0.018798828125,-0.26763916015625,70.0,4,1,1,1,1,295447.0,14697
-0.3100000023841858,0.0,9.519999504089355,31.0,-2.25,-0.125,0.0625,0.0,-0.0625,-1.875,-5.5,63.75,0.96331787109375,0.0068359375,0.018798828125,-0.26763916015625,70.0,4,1,1,1,1,295467.0,14698
-0.3100000023841858,0.0,9.489999771118164,31.0,-2.25,-0.125,0.0,0.0625,-0.0625,-1.875,-5.5,63.75,0.96331787109375,0.0068359375,0.018798828125,-0.26763916015625,70.0,4,1,1,1,1,295487.0,14699
-0.3100000023841858,-0.019999999552965164,9.5,31.0,-2.25,-0.125,-0.125,0.1875,0.0,-1.875,-5.5,63.75,0.96331787109375,0.0068359375,0.018798828125,-0.26763916015625,70.0,4,1,1,1,1,295509.0,14700
-0.29999998211860657,0.0,9.519999504089355,31.0,-2.25,-0.125,0.125,-0.0625,-0.0625,-1.875,-5.5,63.25,0.96331787109375,0.0068359375,0.018798828125,-0.26763916015625,70.0,4,1,1,1,1,295527.0,14701
-0.3100000023841858,0.0,9.510000228881836,31.0,-2.25,-0.125,-0.0625,0.125,0.0,-1.875,-5.5,63.25,0.96331787109375,0.0068359375,0.018798828125,-0.26763916015625,70.0,4,1,1,1,1,295547.0,14702
-0.3100000023841858,0.0,9.529999732971191,31.0,-2.25,-0.125,0.0,0.125,0.0,-2.25,-1.375,65.375,0.96331787109375,0.0068359375,0.018798828125,-0.26763916015625,70.0,4,1,1,1,1,295567.0,14703
-0.28999999165534973,0.0,9.489999771118164,31.0,-2.25,-0.125,0.0,0.0,0.125,-2.25,-1.375,65.375,0.96331787109375,0.0068359375,0.018798828125,-0.26763916015625,70.0,4,1,1,1,1,295587.0,14704
-0.3199999928474426,-0.009999999776482582,9.5,31.0,-2.25,-0.125,0.0,0.125,-0.1875,-2.25,-6.1875,64.0625,0.96331787109375,0.0068359375,0.018798828125,-0.26763916015625,70.0,4,1,1,1,1,295709.0,14710
-0.29999998211860657,0.0,9.489999771118164,31.0,-2.25,-0.125,-0.0625,-0.0625,0.1875,-3.0,-5.5,64.5,0.96331787109375,0.0068359375,0.018798828125,-0.26763916015625,70.0,4,1,1,1,1,295727.0,14711
-0.3100000023841858,0.009999999776482582,9.5,31.0,-2.25,-0.125,-0.125,0.0,0.0625,-3.0,-5.5,64.5,0.96331787109375,0.0068359375,0.018798828125,-0.26763916015625,70.0,4,1,1,1,1,295747.0,14712
-0.3100000023841858,-0.019999999552965164,9.5,31.0,-2.25,-0.125,-0.0625,0.0625,0.0,-1.875,-5.5,64.0625,0.96331787109375,0.0068359375,0.018798828125,-0.26763916015625,70.0,4,1,1,1,1,295767.0,14713
-0.3199999928474426,0.0,9.5,31.0,-2.25,-0.125,0.0,0.0,-0.0625,-1.875,-5.5,64.0625,0.96331787109375,0.0068359375,0.018798828125,-0.26763916015625,70.0,4,1,1,1,1,295787.0,14714
-0.3199999928474426,0.0,9.5,31.0,-2.25,-0.125,-0.0625,0.125,0.0625,-1.875,-5.5,64.0625,0.96331787109375,0.0068359375,0.018798828125,-0.26763916015625,70.0,4,1,1,1,1,295810.0,14715
-0.28999999165534973,0.0,9.479999542236328,31.0,-2.25,-0.125,0.0625,0.0,0.0625,-0.75,-1.375,66.1875,0.96331787109375,0.0068359375,0.018798828125,-0.26763916015625,70.0,4,1,1,1,1,295827.0,14716
-0.3100000023841858,0.0,9.479999542236328,31.0,-2.25,-0.125,0.0,-0.0625,0.0,-0.75,-1.375,66.1875,0.96331787109375,0.0068359375,0.018798828125,-0.26763916015625,70.0,4,1,1,1,1,295847.0,14717
-0.29999998211860657,0.0,9.489999771118164,31.0,-2.25,-0.125,0.0,-0.0625,0.0625,-3.0,-6.5625,63.6875,0.96331787109375,0.0068359375,0.018798828125,-0.26763916015625,70.0,4,1,1,1,1,295927.0,14721
-0.3100000023841858,-0.019999999552965164,9.510000228881836,31.0,-2.25,-0.125,0.0,0.125,0.125,-3.0,-6.5625,63.6875,0.96331787109375,0.0068359375,0.018798828125,-0.26763916015625,70.0,4,1,1,1,1,295947.0,14722
-0.29999998211860657,0.0,9.519999504089355,31.0,-2.25,-0.125,0.125,0.0625,0.0,-1.875,-3.5625,62.875,0.96331787109375,0.0068359375,0.018798828125,-0.26763916015625,70.0,4,1,1,1,1,295967.0,14723
-0.3100000023841858,0.009999999776482582,9.5,31.0,-2.25,-0.125,-0.0625,-0.0625,-0.0625,-1.875,-3.5625,62.875,0.96331787109375,0.0068359375,0.018798828125,-0.26763916015625,70.0,4,1,1,1,1,295987.0,14724
-0.3199999928474426,0.0,9.519999504089355,31.0,-2.25,-0.125,0.0625,0.125,-0.1875,-1.875,-3.5625,62.875,0.96331787109375,0.0068359375,0.018798828125,-0.26763916015625,70.0,4,1,1,1,1,296009.0,14725
-0.32999998331069946,0.0,9.529999732971191,31.0,-2.25,-0.125,-0.0625,0.125,0.0,-1.1875,-5.875,65.75,0.96331787109375,0.0068359375,0.018798828125,-0.26763916015625,70.0,4,1,1,1,1,296027.0,14726
-0.3100000023841858,0.0,9.510000228881836,31.0,-2.25,-0.125,0.0625,0.0,-0.0625,-1.1875,-5.875,65.75,0.96331787109375,0.0068359375,0.018798828125,-0.26763916015625,70.0,4,1,1,1,1,296047.0,14727
-0.3199999928474426,0.0,9.5,31.0,-2.25,-0.125,0.125,-0.0625,0.0,-3.0,-4.0,65.375,0.96331787109375,0.0068359375,0.018798828125,-0.26763916015625,70.0,4,1,1,1,1,296067.0,14728
-0.3199999928474426,0.0,9.5,31.0,-2.25,-0.125,0.0625,0.125,0.0,-3.0,-4.0,65.375,0.96331787109375,0.0068359375,0.018798828125,-0.26763916015625,70.0,4,1,1,1,1,296087.0,14729
-0.29999998211860657,0.009999999776482582,9.510000228881836,31.0,-2.25,-0.125,0.0,0.0625,-0.125,-2.25,-6.5625,63.6875,0.96331787109375,0.0068359375,0.018798828125,-0.26763916015625,70.0,4,1,1,1,1,296127.0,14731
-0.28999999165534973,0.0,9.5,31.0,-2.25,-0.125,0.0625,0.125,0.0,-2.25,-6.5625,63.6875,0.96331787109375,0.0068359375,0.018798828125,-0.26763916015625,70.0,4,1,1,1,1,296147.0,14732
-0.3199999928474426,0.019999999552965164,9.510000228881836,31.0,-2.25,-0.125,-0.0625,0.0,0.0,-2.5625,-5.875,62.5,0.96331787109375,0.0068359375,0.018798828125,-0.26763916015625,70.0,4,1,1,1,1,296167.0,14733
-0.28999999165534973,0.0,9.479999542236328,31.0,-2.25,-0.125,0.0625,0.125,0.0,-2.5625,-5.875,62.5,0.96331787109375,0.0068359375,0.018798828125,-0.26763916015625,70.0,4,1,1,1,1,296187.0,14734
-0.3100000023841858,0.0,9.5,31.0,-2.25,-0.125,-0.0625,0.0,-0.1875,-2.5625,-5.875,62.5,0.96331787109375,0.0068359375,0.018798828125,-0.26763916015625,70.0,4,1,1,1,1,296210.0,14735
-0.3100000023841858,0.0,9.510000228881836,31.0,-2.25,-0.125,0.0625,-0.0625,0.0,-1.1875,-5.875,63.25,0.96331787109375,0.0068359375,0.018798828125,-0.26763916015625,70.0,4,1,1,1,1,296227.0,14736
-0.3100000023841858,0.0,9.489999771118164,31.0,-2.25,-0.125,0.0,0.0625,0.0625,-1.1875,-5.875,63.25,0.96331787109375,0.0068359375,0.018798828125,-0.26763916015625,70.0,4,1,1,1,1,296247.0,14737
-0.3100000023841858,-0.009999999776482582,9.5,31.0,-2.25,-0.125,0.125,0.0625,0.0,-1.875,-3.5625,64.5625,0.96331787109375,0.0068359375,0.018798828125,-0.26763916015625,70.0,4,1,1,1,1,296267.0,14738
-0.29999998211860657,0.0,9.489999771118164,31.0,-2.25,-0.125,0.0625,-0.1875,-0.0625,-1.875,-3.5625,64.5625,0.96331787109375,0.0068359375,0.018798828125,-0.26763916015625,70.0,4,1,1,1,1,296287.0,14739
-0.3100000023841858,0.0,9.5,31.0,-2.25,-0.125,-0.0625,0.0625,0.0,-1.875,-3.5625,64.5625,0.96331787109375,0.0068359375,0.018798828125,-0.26763916015625,70.0,4,1,1,1,1,296310.0,14740
-0.3199999928474426,0.009999999776482582,9.5,31.0,-2.25,-0.125,-0.0625,-0.0625,0.0625,-2.25,-5.5,62.875,0.96331787109375,0.0068359375,0.018798828125,-0.26763916015625,70.0,4,1,1,1,1,296328.0,14741
-0.32999998331069946,0.0,9.489999771118164,31.0,-2.25,-0.125,0.0,-0.125,0.0625,-2.25,-5.5,62.875,0.96331787109375,0.0068359375,0.018798828125,-0.26763916015625,70.0,4,1,1,1,1,296347.0,14742
-0.3100000023841858,0.0,9.5,31.0,-2.25,-0.125,0.0625,0.0,0.0625,-2.25,-6.5625,62.5,0.96331787109375,0.0068359375,0.018798828125,-0.26763916015625,70.0,4,1,1,1,1,296427.0,14746
-0.3199999928474426,0.0,9.489999771118164,31.0,-2.25,-0.125,-0.0625,0.0625,-0.0625,-2.25,-6.5625,62.5,0.96331787109375,0.0068359375,0.018798828125,-0.26763916015625,70.0,4,1,1,1,1,296447.0,14747
-0.29999998211860657,0.0,9.5,31.0,-2.25,-0.125,0.0,-0.1875,0.0625,-2.5625,-4.6875,63.75,0.96331787109375,0.0068359375,0.018798828125,-0.26763916015625,70.0,4,1,1,1,1,296467.0,14748
-0.28999999165534973,0.0,9.510000228881836,31.0,-2.25,-0.125,-0.0625,0.0,0.125,-2.5625,-4.6875,63.75,0.96331787109375,0.0068359375,0.018798828125,-0.26763916015625,70.0,4,1,1,1,1,296487.0,14749
-0.3199999928474426,0.0,9.519999504089355,31.0,-2.25,-0.125,0.0625,-0.0625,0.0,-2.5625,-4.6875,63.75,0.96331787109375,0.0068359375,0.018798828125,-0.26763916015625,70.0,4,1,1,1,1,296510.0,14750
-0.32999998331069946,0.0,9.510000228881836,31.0,-2.25,-0.125,0.0,0.125,-0.0625,-1.1875,-2.875,64.5625,0.96331787109375,0.0068359375,0.018798828125,-0.26763916015625,70.0,4,1,1,1,1,296527.0,14751
-0.3100000023841858,0.0,9.510000228881836,31.0,-2.25,-0.125,0.0625,0.0625,0.125,-1.1875,-2.875,64.5625,0.96331787109375,0.0068359375,0.018798828125,-0.26763916015625,70.0,4,1,1,1,1,296547.0,14752
-0.28999999165534973,0.0,9.5,31.0,-2.25,-0.125,0.0,-0.0625,0.125,-0.75,1.0625,63.75,0.96331787109375,0.0068359375,0.018798828125,-0.26763916015625,70.0,4,1,1,1,1,296567.0,14753
-0.29999998211860657,0.009999999776482582,9.489999771118164,31.0,-2.25,-0.125,-0.0625,0.25,0.0,-3.0,-1.0625,63.6875,0.96331787109375,0.0068359375,0.018798828125,-0.26763916015625,70.0,4,1,1,1,1,296647.0,14757
-0.32999998331069946,-0.019999999552965164,9.5,31.0,-2.25,-0.125,0.125,-0.0625,0.0,-1.875,-6.1875,63.75,0.96331787109375,0.0068359375,0.018798828125,-0.26763916015625,70.0,4,1,1,1,1,296667.0,14758
-0.3199999928474426,-0.019999999552965164,9.489999771118164,31.0,-2.25,-0.125,-0.0625,0.125,0.0625,-1.875,-6.1875,63.75,0.96331787109375,0.0068359375,0.018798828125,-0.26763916015625,70.0,4,1,1,1,1,296687.0,14759
-0.3199999928474426,-0.019999999552965164,9.5,31.0,-2.25,-0.125,0.0,-0.1875,0.125,-1.875,-6.1875,63.75,0.96331787109375,0.0068359375,0.018798828125,-0.26763916015625,70.0,4,1,1,1,1,296710.0,14760
-0.28999999165534973,0.019999999552965164,9.5,31.0,-2.25,-0.125,-0.0625,0.0,0.0625,-2.5625,-2.875,63.75,0.96331787109375,0.0068359375,0.018798828125,-0.26763916015625,70.0,4,1,1,1,1,296727.0,14761
-0.28999999165534973,0.019999999552965164,9.5,31.0,-2.25,-0.125,0.0,0.0,0.0625,-2.5625,-2.875,63.75,0.96331787109375,0.0068359375,0.018798828125,-0.26763916015625,70.0,4,1,1,1,1,296747.0,14762
-0.2800000011920929,0.009999999776482582,9.510000228881836,31.0,-2.25,-0.125,-0.0625,0.0,-0.0625,-1.875,-0.375,65.0,0.96331787109375,0.0068359375,0.018798828125,-0.26763916015625,70.0,4,1,1,1,1,296767.0,14763
-0.29999998211860657,0.009999999776482582,9.479999542236328,31.0,-2.25,-0.125,-0.0625,-0.0625,0.0625,-1.875,-0.375,65.0,0.96331787109375,0.0068359375,0.018798828125,-0.26763916015625,70.0,4,1,1,1,1,296787.0,14764
-0.32999998331069946,0.0,9.510000228881836,31.0,-2.25,-0.125,0.0,0.0625,0.0625,-1.875,-0.375,65.0,0.96331787109375,0.0068359375,0.018798828125,-0.26763916015625,70.0,4,1,1,1,1,296810.0,14765
-0.32999998331069946,0.0,9.510000228881836,31.0,-2.25,-0.125,0.0625,-0.0625,0.0,-1.875,-6.5625,63.25,0.96331787109375,0.0068359375,0.018798828125,-0.26763916015625,70.0,4,1,1,1,1,296827.0,14766
-0.29999998211860657,0.0,9.519999504089355,31.0,-2.25,-0.125,0.0,-0.0625,0.0,-2.5625,-5.875,64.0625,0.96331787109375,0.0068359375,0.018798828125,-0.26763916015625,70.0,4,1,1,1,1,296910.0,14770
-0.3400000035762787,0.0,9.510000228881836,31.0,-2.25,-0.125,-0.0625,-0.0625,0.0,-1.5625,-5.875,63.25,0.96331787109375,0.0068359375,0.018798828125,-0.26763916015625,70.0,4,1,1,1,1,296927.0,14771
-0.28999999165534973,0.0,9.489999771118164,31.0,-2.25,-0.125,-0.0625,0.0625,0.125,-1.5625,-5.875,63.25,0.96331787109375,0.0068359375,0.018798828125,-0.26763916015625,70.0,4,1,1,1,1,296947.0,14772
-0.22999998927116394,-0.009999999776482582,9.539999961853027,31.0,-2.25,-0.125,-0.0625,-0.0625,-0.125,-1.875,-4.0,64.0625,0.96331787109375,0.0068359375,0.018798828125,-0.26763916015625,70.0,4,1,1,1,1,296967.0,14773
-0.3400000035762787,0.0,9.510000228881836,31.0,-2.25,-0.125,0.0625,0.0625,-0.1875,-1.875,-4.0,64.0625,0.96331787109375,0.0068359375,0.018798828125,-0.26763916015625,70.0,4,1,1,1,1,296987.0,14774
-0.4099999964237213,-0.019999999552965164,9.5,31.0,-2.25,-0.125,0.0,-0.0625,-0.0625,-1.875,-4.0,64.0625,0.96331787109375,0.0068359375,0.018798828125,-0.26763916015625,70.0,4,1,1,1,1,297010.0,14775
-0.25,0.0,9.5,31.0,-2.25,-0.125,-0.0625,0.0625,0.125,-1.875,-4.6875,64.0625,0.96331787109375,0.0068359375,0.018798828125,-0.26763916015625,70.0,4,1,1,1,1,297028.0,14776
-0.2199999988079071,0.009999999776482582,9.510000228881836,31.0,-2.25,-0.125,0.0625,0.0,0.125,-1.875,-4.6875,64.0625,0.96331787109375,0.0068359375,0.018798828125,-0.26763916015625,70.0,4,1,1,1,1,297047.0,14777
-0.32999998331069946,0.0,9.529999732971191,31.0,-2.25,-0.125,0.0,0.0625,-0.0625,-1.875,-5.0625,62.875,0.96331787109375,0.0068359375,0.018798828125,-0.26763916015625,70.0,4,1,1,1,1,297067.0,14778
-0.3499999940395355,-0.009999999776482582,9.510000228881836,31.0,-2.25,-0.125,0.0,0.0,0.125,-1.875,-5.0625,62.875,0.96331787109375,0.0068359375,0.018798828125,-0.26763916015625,70.0,4,1,1,1,1,297087.0,14779
-0.32999998331069946,-0.029999999329447746,9.510000228881836,31.0,-2.25,-0.125,0.0,-0.0625,0.0,-1.5625,-6.5625,64.0625,0.96331787109375,0.0068359375,0.018798828125,-0.26763916015625,70.0,4,1,1,1,1,297167.0,14783
-0.3199999928474426,-0.009999999776482582,9.510000228881836,31.0,-2.25,-0.125,0.0625,0.0625,0.0,-1.5625,-6.5625,64.0625,0.96331787109375,0.0068359375,0.018798828125,-0.26763916015625,70.0,4,1,1,1,1,297187.0,14784
-0.3199999928474426,0.0,9.5,31.0,-2.25,-0.125,0.0625,0.125,0.0625,-1.5625,-6.5625,64.0625,0.96331787109375,0.0068359375,0.018798828125,-0.26763916015625,70.0,4,1,1,1,1,297210.0,14785
-0.29999998211860657,0.0,9.5,31.0,-2.25,-0.125,0.125,-0.0625,-0.0625,-1.5625,-5.875,64.0625,0.96331787109375,0.0068359375,0.018798828125,-0.26763916015625,70.0,4,1,1,1,1,297227.0,14786
-0.28999999165534973,0.0,9.479999542236328,31.0,-2.25,-0.125,-0.125,-0.0625,-0.125,-1.5625,-5.875,64.0625,0.96331787109375,0.0068359375,0.018798828125,-0.26763916015625,70.0,4,1,1,1,1,297247.0,14787
-0.3199999928474426,0.0,9.519999504089355,31.0,-2.25,-0.125,0.125,-0.0625,0.0625,-1.875,-1.0625,66.1875,0.96331787109375,0.0068359375,0.018798828125,-0.26763916015625,70.0,4,1,1,1,1,297267.0,14788
-0.3199999928474426,0.0,9.5,31.0,-2.25,-0.125,0.0,0.1875,-0.125,-1.875,-1.0625,66.1875,0.96331787109375,0.0068359375,0.018798828125,-0.26763916015625,70.0,4,1,1,1,1,297287.0,14789
-0.29999998211860657,0.0,9.539999961853027,31.0,-2.25,-0.125,-0.0625,0.0625,-0.125,-1.875,-1.0625,66.1875,0.96331787109375,0.0068359375,0.018798828125,-0.26763916015625,70.0,4,1,1,1,1,297310.0,14790
-0.29999998211860657,0.0,9.5,31.0,-2.25,-0.125,-0.0625,0.0625,0.25,-1.875,-5.875,63.75,0.96331787109375,0.0068359375,0.018798828125,-0.26763916015625,70.0,4,1,1,1,1,297410.0,14795
-0.32999998331069946,0.0,9.519999504089355,31.0,-2.25,-0.125,0.0,-0.0625,0.0625,-1.1875,-4.375,63.25,0.96331787109375,0.0068359375,0.018798828125,-0.26763916015625,70.0,4,1,1,1,1,297427.0,14796
-0.32999998331069946,0.0,9.5,31.0,-2.25,-0.125,-0.0625,-0.125,0.125,-1.1875,-4.375,63.25,0.96331787109375,0.0068359375,0.018798828125,-0.26763916015625,70.0,4,1,1,1,1,297447.0,14797
-0.3199999928474426,0.0,9.519999504089355,31.0,-2.25,-0.125,0.0625,0.0625,0.0,-1.1875,-5.5,65.375,0.96331787109375,0.0068359375,0.018798828125,-0.26763916015625,70.0,4,1,1,1,1,297467.0,14798
-0.3100000023841858,0.0,9.489999771118164,31.0,-2.25,-0.125,0.0625,0.0625,-0.125,-1.1875,-5.5,65.375,0.96331787109375,0.0068359375,0.018798828125,-0.26763916015625,70.0,4,1,1,1,1,297487.0,14799
-0.29999998211860657,0.0,9.510000228881836,31.0,-2.25,-0.125,-0.125,-0.0625,0.125,-1.1875,-5.5,65.375,0.96331787109375,0.0068359375,0.018798828125,-0.26763916015625,70.0,4,1,1,1,1,297510.0,14800
-0.3199999928474426,0.0,9.5,31.0,-2.25,-0.125,0.0,-0.0625,0.0625,-1.5625,-1.75,65.375,0.96331787109375,0.0068359375,0.018798828125,-0.26763916015625,70.0,4,1,1,1,1,297527.0,14801
-0.3100000023841858,0.0,9.469999313354492,31.0,-2.25,-0.125,-0.0625,-0.0625,-0.0625,-2.25,-6.5625,64.5625,0.96331787109375,0.0068359375,0.018798828125,-0.26763916015625,70.0,4,1,1,1,1,297587.0,14804
-0.3100000023841858,0.0,9.5,31.0,-2.25,-0.125,0.0,0.125,0.125,-2.25,-6.5625,64.5625,0.96331787109375,0.0068359375,0.018798828125,-0.26763916015625,70.0,4,1,1,1,1,297610.0,14805
-0.29999998211860657,0.0,9.5,31.0,-2.25,-0.125,0.0,0.0625,0.0625,-3.0,-5.875,62.875,0.96331787109375,0.0068359375,0.018798828125,-0.26763916015625,70.0,4,1,1,1,1,297627.0,14806
-0.28999999165534973,0.0,9.5,31.0,-2.25,-0.125,0.0,0.0,0.0625,-3.0,-5.875,62.875,0.96331787109375,0.0068359375,0.018798828125,-0.26763916015625,70.0,4,1,1,1,1,297647.0,14807
-0.3100000023841858,0.0,9.519999504089355,31.0,-2.25,-0.125,0.0,0.0625,0.125,-2.25,-6.1875,65.0,0.96331787109375,0.0068359375,0.018798828125,-0.26763916015625,70.0,4,1,1,1,1,297667.0,14808
-0.3100000023841858,0.0,9.489999771118164,31.0,-2.25,-0.125,-0.0625,0.0625,0.0,-2.25,-6.1875,65.0,0.96331787109375,0.0068359375,0.018798828125,-0.26763916015625,70.0,4,1,1,1,1,297687.0,14809
-0.3100000023841858,0.0,9.510000228881836,31.0,-2.25,-0.125,0.0,-0.0625,0.0,-2.25,-6.1875,65.0,0.96331787109375,0.0068359375,0.018798828125,-0.26763916015625,70.0,4,1,1,1,1,297710.0,14810
-0.3100000023841858,0.009999999776482582,9.5,31.0,-2.25,-0.125,0.0625,-0.0625,0.0625,-2.25,-5.5,63.6875,0.96331787109375,0.0068359375,0.018798828125,-0.26763916015625,70.0,4,1,1,1,1,297727.0,14811
-0.3199999928474426,0.0,9.519999504089355,31.0,-2.25,-0.125,-0.0625,0.125,0.0,-2.25,-5.5,63.6875,0.96331787109375,0.0068359375,0.018798828125,-0.26763916015625,70.0,4,1,1,1,1,297747.0,14812
-0.3100000023841858,-0.009999999776482582,9.519999504089355,31.0,-2.25,-0.125,-0.0625,0.0625,0.125,-1.1875,-2.5625,65.375,0.96331787109375,0.0068359375,0.018798828125,-0.26763916015625,70.0,4,1,1,1,1,297767.0,14813
-0.29999998211860657,0.0,9.479999542236328,31.0,-2.25,-0.125,0.0,-0.1875,0.0625,-1.1875,-2.5625,65.375,0.96331787109375,0.0068359375,0.018798828125,-0.26763916015625,70.0,4,1,1,1,1,297787.0,14814
-0.3199999928474426,0.0,9.510000228881836,31.0,-2.25,-0.125,0.0625,0.0625,0.0625,-1.1875,-2.5625,65.375,0.96331787109375,0.0068359375,0.018798828125,-0.26763916015625,70.0,4,1,1,1,1,297810.0,14815
-0.3199999928474426,0.0,9.519999504089355,31.0,-2.25,-0.125,0.0625,0.0625,-0.125,-1.875,-5.5,64.0625,0.96331787109375,0.0068359375,0.018798828125,-0.26763916015625,70.0,4,1,1,1,1,297827.0,14816
-0.29999998211860657,0.009999999776482582,9.5,31.0,-2.25,-0.125,0.0,0.0625,-0.0625,-3.0,-5.875,63.75,0.96331787109375,0.0068359375,0.018798828125,-0.26763916015625,70.0,4,1,1,1,1,297887.0,14819
-0.3199999928474426,0.0,9.5,31.0,-2.25,-0.125,0.0,0.0,0.0625,-3.0,-5.875,63.75,0.96331787109375,0.0068359375,0.018798828125,-0.26763916015625,70.0,4,1,1,1,1,297910.0,14820
-0.3100000023841858,0.0,9.5,31.0,-2.25,-0.125,-0.0625,0.0625,0.0,-1.875,-6.1875,63.25,0.96331787109375,0.0068359375,0.018798828125,-0.26763916015625,70.0,4,1,1,1,1,297927.0,14821
-0.29999998211860657,0.009999999776482582,9.5,31.0,-2.25,-0.125,-0.0625,0.0625,0.0625,-1.875,-6.1875,63.25,0.96331787109375,0.0068359375,0.018798828125,-0.26763916015625,70.0,4,1,1,1,1,297948.0,14822
-0.29999998211860657,0.0,9.510000228881836,31.0,-2.25,-0.125,0.0625,-0.0625,0.125,-0.75,-5.0625,64.5,0.96331787109375,0.0068359375,0.018798828125,-0.26763916015625,70.0,4,1,1,1,1,297967.0,14823
-0.28999999165534973,0.009999999776482582,9.5,31.0,-2.25,-0.125,0.125,0.0,0.125,-0.75,-5.0625,64.5,0.96331787109375,0.0068359375,0.018798828125,-0.26763916015625,70.0,4,1,1,1,1,297987.0,14824
-0.29999998211860657,0.0,9.510000228881836,31.0,-2.25,-0.125,0.0,0.0625,0.0,-0.75,-5.0625,64.5,0.96331787109375,0.0068359375,0.018798828125,-0.26763916015625,70.0,4,1,1,1,1,298010.0,14825
-0.3100000023841858,0.0,9.5,31.0,-2.25,-0.125,0.0,0.0,-0.125,-2.25,-5.875,63.75,0.96331787109375,0.0068359375,0.018798828125,-0.26763916015625,70.0,4,1,1,1,1,298027.0,14826
-0.29999998211860657,0.0,9.5,31.0,-2.25,-0.125,0.0625,0.125,-0.125,-3.375,-5.875,63.6875,0.96331787109375,0.0068359375,0.018798828125,-0.26763916015625,70.0,4,1,1,1,1,298087.0,14829
-0.29999998211860657,0.0,9.5,31.0,-2.25,-0.125,0.0625,0.0625,0.0625,-3.375,-5.875,63.6875,0.96331787109375,0.0068359375,0.018798828125,-0.26763916015625,70.0,4,1,1,1,1,298110.0,14830
-0.3199999928474426,0.0,9.510000228881836,31.0,-2.25,-0.125,0.0,-0.1875,0.0,-1.1875,-6.875,62.0625,0.96331787109375,0.0068359375,0.018798828125,-0.26763916015625,70.0,4,1,1,1,1,298128.0,14831
-0.3100000023841858,0.0,9.5,31.0,-2.25,-0.125,0.0,-0.0625,-0.0625,-1.1875,-6.875,62.0625,0.96331787109375,0.0068359375,0.018798828125,-0.26763916015625,70.0,4,1,1,1,1,298148.0,14832
-0.28999999165534973,0.0,9.5,31.0,-2.25,-0.125,0.0625,-0.125,0.125,-1.875,-0.6875,63.25,0.96331787109375,0.0068359375,0.018798828125,-0.26763916015625,70.0,4,1,1,1,1,298168.0,14833
-0.3100000023841858,-0.009999999776482582,9.489999771118164,31.0,-2.25,-0.125,0.1875,-0.0625,0.0,-1.875,-0.6875,63.25,0.96331787109375,0.0068359375,0.018798828125,-0.26763916015625,70.0,4,1,1,1,1,298188.0,14834
-0.3100000023841858,0.0,9.5,31.0,-2.25,-0.125,0.0625,-0.0625,0.0,-1.875,-0.6875,63.25,0.96331787109375,0.0068359375,0.018798828125,-0.26763916015625,70.0,4,1,1,1,1,298210.0,14835
-0.29999998211860657,0.0,9.479999542236328,31.0,-2.25,-0.125,-0.125,0.0625,0.0625,-2.25,-5.5,63.25,0.96331787109375,0.0068359375,0.018798828125,-0.26763916015625,70.0,4,1,1,1,1,298228.0,14836
-0.3199999928474426,0.0,9.519999504089355,31.0,-2.25,-0.125,-0.0625,0.1875,0.0625,-2.25,-5.5,63.25,0.96331787109375,0.0068359375,0.018798828125,-0.26763916015625,70.0,4,1,1,1,1,298248.0,14837
-0.3100000023841858,0.0,9.529999732971191,31.0,-2.25,-0.125,0.0625,0.0,0.0625,-1.5625,0.75,65.375,0.96331787109375,0.0068359375,0.018798828125,-0.26763916015625,70.0,4,1,1,1,1,298268.0,14838
-0.3100000023841858,0.009999999776482582,9.510000228881836,31.0,-2.25,-0.125,0.0625,-0.125,0.0,-2.5625,0.0,65.375,0.96331787109375,0.0068359375,0.018798828125,-0.26763916015625,70.0,4,1,1,1,1,298328.0,14841
-0.3100000023841858,0.0,9.489999771118164,31.0,-2.25,-0.125,-0.0625,0.0,0.125,-2.5625,0.0,65.375,0.96331787109375,0.0068359375,0.018798828125,-0.26763916015625,70.0,4,1,1,1,1,298348.0,14842
-0.17999999225139618,-0.1599999964237213,9.710000038146973,31.0,-2.25,-0.125,-3.125,-2.5,0.0625,-1.875,-5.5,63.25,0.96331787109375,0.00653076171875,0.0186767578125,-0.26763916015625,70.0,4,1,1,1,1,298367.0,14843
-0.2800000011920929,0.0,9.479999542236328,31.0,-2.25,-0.125,-0.5,-0.375,0.25,-1.875,-5.5,63.25,0.96331787109375,0.006591796875,0.0186767578125,-0.26763916015625,70.0,4,1,1,1,1,298387.0,14844
-0.3400000035762787,-0.08999999612569809,9.510000228881836,30.9375,-2.25,-0.125,-0.875,-0.5,9.875,-1.875,-5.5,63.25,0.96356201171875,0.0064697265625,0.0186767578125,-0.26678466796875,70.0,4,1,1,1,1,298409.0,14845
-0.5999999642372131,0.07999999821186066,9.489999771118164,30.75,-2.25,-0.125,-0.375,-0.125,4.0625,-2.25,-3.0625,62.875,0.96392822265625,0.0064697265625,0.0186767578125,-0.2655029296875,70.0,4,1,1,1,1,298427.0,14846
-0.32999998331069946,0.0,9.479999542236328,30.75,-2.1875,-0.0625,-5.625,-4.0,-0.125,-2.25,-3.0625,62.875,0.96392822265625,0.005615234375,0.01837158203125,-0.2655029296875,70.0,4,1,1,1,1,298447.0,14847
-0.2800000011920929,-0.03999999910593033,9.510000228881836,30.75,-2.125,0.0,-1.1875,-0.75,-0.125,-2.375,-2.5,64.5625,0.96392822265625,0.00518798828125,0.01824951171875,-0.2655029296875,70.0,4,1,1,1,1,298468.0,14848
-0.26999998092651367,-0.009999999776482582,9.469999313354492,30.75,-2.125,0.0,-0.8125,-0.5625,-0.5,-2.375,-2.5,64.5625,0.96392822265625,0.00506591796875,0.01824951171875,-0.2655029296875,70.0,4,1,1,1,1,298488.0,14849
-0.429999977350235,2.069999933242798,9.489999771118164,30.875,-2.125,0.0,0.3125,-0.1875,-11.5,-2.375,-2.5,64.5625,0.963623046875,0.00494384765625,0.018310546875,-0.26654052734375,70.0,4,1,1,1,1,298509.0,14850
1.0299999713897705,-2.009999990463257,9.429999351501465,31.875,-2.125,0.0,3.75,0.5,-59.6875,-2.0,-1.375,65.0,0.9613037109375,0.00537109375,0.0181884765625,-0.27484130859375,70.0,4,1,1,1,1,298527.0,14851
-0.9899999499320984,-0.4399999976158142,9.579999923706055,34.25,-2.125,0.0,3.25,-2.125,-125.4375,-2.0,-1.375,65.0,0.9554443359375,0.005615234375,0.0179443359375,-0.29461669921875,70.0,4,1,1,1,1,298548.0,14852
0.8399999737739563,0.029999999329447746,9.539999961853027,36.875,-2.0,0.0625,1.0625,-5.75,-151.0,-2.0,-3.875,64.5,0.948486328125,0.005126953125,0.01715087890625,-0.3162841796875,70.0,4,1,1,1,1,298567.0,14853
1.0699999332427979,0.07999999821186066,9.479999542236328,51.1875,-1.75,0.625,-5.0625,-1.75,-146.1875,0.1875,-3.75,65.25,0.901611328125,0.0013427734375,0.01666259765625,-0.43218994140625,70.0,4,1,1,1,1,298648.0,14857
0.32999998331069946,0.0,9.59000015258789,54.25,-1.625,0.8125,-1.5,-6.8125,-171.125,4.1875,-1.1875,62.75,0.88970947265625,6.103515625e-05,0.0162353515625,-0.4561767578125,70.0,4,1,1,1,1,298667.0,14858
-0.5699999928474426,-0.019999999552965164,9.359999656677246,57.8125,-1.3125,0.75,20.1875,-22.625,-194.75,4.1875,-1.1875,62.75,0.875244140625,-0.00018310546875,0.0133056640625,-0.48345947265625,70.0,4,1,1,1,1,298688.0,14859
0.3499999940395355,-0.699999988079071,9.220000267028809,61.9375,-1.0625,0.75,-5.75,-3.25,-204.8125,4.1875,-1.1875,62.75,0.8572998046875,-0.0008544921875,0.0118408203125,-0.5146484375,70.0,4,1,1,1,1,298710.0,14860
-0.019999999552965164,-0.7199999690055847,9.399999618530273,66.25,-1.0,1.125,-15.375,0.125,-224.25,9.0,-0.5625,59.875,0.83721923828125,-0.0035400390625,0.01312255859375,-0.54669189453125,70.0,4,1,1,1,1,298728.0,14861
-0.2800000011920929,-0.14000000059604645,9.739999771118164,70.9375,-0.875,1.5,-11.0625,-0.9375,-242.875,9.0,-0.5625,59.875,0.8140869140625,-0.006103515625,0.0142822265625,-0.58056640625,70.0,4,1,1,1,1,298748.0,14862
0.0,-0.07999999821186066,9.399999618530273,74.75,-0.75,1.6875,-2.75,-1.0625,-182.0,15.5625,-0.875,52.875,0.79425048828125,-0.007568359375,0.014404296875,-0.60736083984375,70.0,4,1,1,1,1,298767.0,14863
-1.0199999809265137,0.5,9.65999984741211,78.0625,-0.625,1.8125,-8.375,0.6875,-155.75,15.5625,-0.875,52.875,0.776611328125,-0.00872802734375,0.01470947265625,-0.6297607421875,70.0,4,1,1,1,1,298788.0,14864
-1.2599999904632568,-0.9599999785423279,10.019999504089355,84.0625,-0.375,2.1875,-1.875,-4.25,-46.3125,23.6875,-9.5625,27.0,0.74261474609375,-0.01220703125,0.01544189453125,-0.66943359375,70.0,4,1,1,1,1,298867.0,14868
-2.679999828338623,-1.3299999237060547,9.75,83.875,-0.375,2.4375,-4.5,-0.625,22.5625,23.6875,-9.5625,27.0,0.7435302734375,-0.013671875,0.01715087890625,-0.6683349609375,70.0,4,1,1,1,1,298888.0,14869
-2.75,-0.2199999988079071,9.380000114440918,83.5625,-0.3125,2.375,7.8125,-5.5625,9.6875,23.6875,-9.5625,27.0,0.74542236328125,-0.01361083984375,0.01617431640625,-0.666259765625,70.0,4,1,1,1,1,298909.0,14870
-0.550000011920929,-0.5099999904632568,9.489999771118164,83.8125,-0.3125,2.4375,-3.3125,1.4375,-15.5,25.5625,-10.875,11.0,0.7437744140625,-0.01397705078125,0.01654052734375,-0.6680908203125,70.0,4,1,1,1,1,298928.0,14871
-0.38999998569488525,-0.5299999713897705,9.800000190734863,83.5625,-0.3125,2.375,3.0625,-1.1875,21.125,25.5625,-10.875,11.0,0.7452392578125,-0.0137939453125,0.016357421875,-0.66644287109375,70.0,4,1,1,1,1,298948.0,14872
0.5899999737739563,-0.28999999165534973,7.529999732971191,82.9375,-0.1875,2.125,23.0625,-12.4375,38.8125,25.0625,-17.0,2.75,0.7489013671875,-0.0128173828125,0.013671875,-0.66241455078125,70.0,4,1,1,1,1,298967.0,14873
1.0199999809265137,-1.7699999809265137,9.34999942779541,82.5625,-0.25,2.375,-36.0625,14.8125,-4.625,25.0625,-17.0,2.75,0.751220703125,-0.01385498046875,0.01568603515625,-0.65972900390625,70.0,4,1,1,1,1,298988.0,14874
-0.5600000023841858,-0.6699999570846558,9.559999465942383,83.1875,-0.3125,2.5625,-10.125,2.5625,-37.875,25.0625,-17.0,2.75,0.74737548828125,-0.0150146484375,0.01727294921875,-0.66400146484375,70.0,4,1,1,1,1,299010.0,14875
1.0099999904632568,-0.7899999618530273,9.329999923706055,84.25,-0.1875,2.5625,4.75,-5.6875,-60.5,21.6875,-18.375,-1.5625,0.741455078125,-0.0155029296875,0.01666259765625,-0.670654296875,70.0,4,1,1,1,1,299028.0,14876
-2.0399999618530273,-0.19999998807907104,9.670000076293945,85.9375,-0.1875,2.8125,-11.125,3.0625,-96.8125,21.6875,-18.375,-1.5625,0.73126220703125,-0.01678466796875,0.01800537109375,-0.681640625,70.0,4,1,1,1,1,299048.0,14877
3.069999933242798,-2.180000066757202,9.479999542236328,104.0625,1.5625,3.0,-2.125,-1.8125,-453.25,17.25,-19.1875,-31.875,0.61456298828125,-0.02703857421875,0.01220703125,-0.788330078125,70.0,4,1,1,1,1,299128.0,14881
0.6200000047683716,-3.609999895095825,9.1899995803833,112.75,2.0,2.75,0.4375,1.1875,-452.625,17.25,-19.1875,-31.875,0.55322265625,-0.028076171875,0.0103759765625,-0.83245849609375,70.0,4,1,1,1,1,299148.0,14882
-6.359999656677246,-3.5799999237060547,10.130000114440918,122.125,2.5,2.4375,-6.125,-3.875,-495.4375,2.25,-20.25,-51.375,0.4833984375,-0.0296630859375,0.00848388671875,-0.8748779296875,70.0,4,1,1,1,1,299167.0,14883
-2.629999876022339,0.04999999701976776,9.519999504089355,131.0,2.875,2.0625,-0.0625,-1.0,-438.0,2.25,-20.25,-51.375,0.41424560546875,-0.03076171875,0.00579833984375,-0.90960693359375,70.0,4,1,1,1,1,299188.0,14884
-1.7300000190734863,-0.7299999594688416,9.550000190734863,137.9375,3.125,1.75,-3.8125,0.8125,-330.125,2.25,-20.25,-51.375,0.35833740234375,-0.03125,0.004638671875,-0.93304443359375,70.0,4,1,1,1,1,299210.0,14885
0.23999999463558197,-0.3100000023841858,9.469999313354492,143.3125,3.3125,1.5,-3.0,-1.5625,-259.375,-18.25,-15.5,-55.875,0.314453125,-0.03173828125,0.0035400390625,-0.94873046875,70.0,4,1,1,1,1,299228.0,14886
0.20999999344348907,-0.5399999618530273,9.569999694824219,147.25,3.375,1.25,-1.875,-1.1875,-189.3125,-18.25,-15.5,-55.875,0.28155517578125,-0.03192138671875,0.00244140625,-0.95904541015625,70.0,4,1,1,1,1,299248.0,14887
-0.6800000071525574,-0.3100000023841858,9.460000038146973,150.3125,3.4375,1.0625,-0.1875,1.875,-149.1875,-22.375,-19.875,-52.5625,0.25592041015625,-0.03179931640625,0.00164794921875,-0.9661865234375,70.0,4,1,1,1,1,299267.0,14888
-1.71999990940094,-0.8499999642372131,10.019999504089355,153.0,3.5,1.0,-11.0,-0.75,-137.25,-22.375,-19.875,-52.5625,0.233154296875,-0.0321044921875,0.00177001953125,-0.971923828125,70.0,4,1,1,1,1,299288.0,14889
0.07000000029802322,-0.7799999713897705,9.5,156.125,3.5625,0.8125,0.0,0.0,0.125,-23.5,-32.0625,-49.6875,0.20635986328125,-0.03216552734375,0.00054931640625,-0.97796630859375,70.0,4,1,1,1,1,299367.0,14893
0.07999999821186066,-0.7899999618530273,9.5,156.125,3.5625,0.8125,0.0625,-0.125,0.125,-23.5,-32.0625,-49.6875,0.20635986328125,-0.03216552734375,0.00054931640625,-0.97796630859375,70.0,4,1,1,1,1,299387.0,14894
0.04999999701976776,-0.7699999809265137,9.510000228881836,156.125,3.5,0.875,0.0625,0.0,0.0625,-23.5,-32.0625,-49.6875,0.2064208984375,-0.0316162109375,0.00164794921875,-0.97796630859375,70.0,4,1,1,1,1,299411.0,14895
0.05999999865889549,-0.7999999523162842,9.510000228881836,156.125,3.3125,1.125,0.0625,-0.0625,0.0,-22.375,-30.25,-51.375,0.20648193359375,-0.03057861328125,0.00360107421875,-0.97796630859375,70.0,4,1,1,1,1,299428.0,14896
0.05999999865889549,-0.7899999618530273,9.510000228881836,156.125,3.1875,1.25,0.125,-0.1875,0.0,-22.375,-30.25,-51.375,0.20654296875,-0.0296630859375,0.00543212890625,-0.97796630859375,70.0,4,1,1,1,1,299448.0,14897
0.05999999865889549,-0.7999999523162842,9.5,156.125,3.0625,1.4375,0.0,-0.0625,0.0,-22.0,-25.0625,-49.25,0.20660400390625,-0.02886962890625,0.00701904296875,-0.97796630859375,70.0,4,1,1,1,1,299468.0,14898
0.05999999865889549,-0.8299999833106995,9.489999771118164,156.125,2.9375,1.5625,0.0,0.0625,0.0,-22.0,-25.0625,-49.25,0.2066650390625,-0.028076171875,0.008544921875,-0.97796630859375,70.0,4,1,1,1,1,299488.0,14899
1.1100000143051147,-1.0199999809265137,9.300000190734863,156.125,2.875,1.625,4.9375,2.6875,-2.5625,-22.0,-25.0625,-49.25,0.20648193359375,-0.02764892578125,0.0087890625,-0.97802734375,70.0,4,1,1,1,1,299510.0,14900
-0.11999999731779099,0.11999999731779099,9.489999771118164,157.8125,2.875,1.625,-7.8125,0.125,-120.3125,-22.6875,-24.75,-48.875,0.19219970703125,-0.0277099609375,0.009033203125,-0.98089599609375,70.0,4,1,1,1,1,299528.0,14901
0.19999998807907104,-0.8999999761581421,9.479999542236328,173.1875,3.3125,0.9375,-1.3125,0.4375,-282.3125,-21.1875,-34.25,-48.875,0.0589599609375,-0.0294189453125,0.0068359375,-0.997802734375,70.0,4,1,1,1,1,299638.0,14905
0.17000000178813934,-0.6899999976158142,9.569999694824219,176.1875,3.3125,0.8125,-2.625,-0.1875,-309.6875,-21.1875,-34.25,-48.875,0.0328369140625,-0.02960205078125,0.00628662109375,-0.9990234375,70.0,4,1,1,1,1,299648.0,14906
0.3100000023841858,0.10999999940395355,9.329999923706055,179.375,3.375,0.625,-2.625,0.75,-326.6875,-21.1875,-34.25,-48.875,0.0052490234375,-0.02972412109375,0.00567626953125,-0.99951171875,70.0,4,1,1,1,1,299660.0,14907
0.6699999570846558,-0.03999999910593033,9.449999809265137,182.6875,3.375,0.5,-3.3125,0.0625,-344.3125,-17.5625,-37.1875,-46.375,-0.0238037109375,-0.02984619140625,0.00506591796875,-0.999267578125,70.0,4,1,1,1,1,299667.0,14908
1.4299999475479126,-1.0299999713897705,9.5,189.75,3.4375,0.0625,-0.125,1.5,-367.6875,-17.5625,-37.1875,-46.375,-0.08526611328125,-0.0299072265625,0.00341796875,-0.99591064453125,70.0,4,1,1,1,1,299688.0,14909
0.4899999797344208,-1.2400000095367432,9.449999809265137,208.0625,3.25,-0.875,-2.125,0.25,-407.625,-9.5,-35.0,-43.5625,-0.24237060546875,-0.02972412109375,-0.00067138671875,-0.9697265625,70.0,4,1,1,1,1,299738.0,14910
0.699999988079071,-1.409999966621399,9.489999771118164,212.375,3.1875,-1.125,-0.5,1.125,-446.75,-9.5,-35.0,-43.5625,-0.27880859375,-0.029541015625,-0.0018310546875,-0.95989990234375,70.0,4,1,1,1,1,299748.0,14911
1.059999942779541,-1.5699999332427979,9.809999465942383,216.75,3.0625,-1.375,0.625,0.6875,-450.9375,-9.5,-35.0,-43.5625,-0.31512451171875,-0.0294189453125,-0.0030517578125,-0.9486083984375,70.0,4,1,1,1,1,299760.0,14912
1.350000023841858,-1.4900000095367432,9.34000015258789,221.0625,2.9375,-1.625,4.4375,1.3125,-446.9375,0.0625,-36.0625,-39.0,-0.35064697265625,-0.029296875,-0.0045166015625,-0.93603515625,70.0,4,1,1,1,1,299767.0,14913
2.5999999046325684,-2.799999952316284,9.510000228881836,230.75,2.625,-2.125,0.75,-1.625,-531.625,0.0625,-36.0625,-39.0,-0.42840576171875,-0.02899169921875,-0.00732421875,-0.903076171875,70.0,4,1,1,1,1,299788.0,14914
-1.5799999237060547,-3.0299999713897705,9.569999694824219,257.0,1.5625,-3.0,-0.8125,-2.4375,-757.0,10.0,-31.25,-38.1875,-0.62255859375,-0.02716064453125,-0.01220703125,-0.78204345703125,70.0,4,1,1,1,1,299828.0,14916
-1.9199999570846558,-0.8799999952316284,9.460000038146973,269.625,0.875,-3.1875,-3.875,-3.3125,-604.8125,10.0,-31.25,-38.1875,-0.70477294921875,-0.025634765625,-0.014404296875,-0.70880126953125,70.0,4,1,1,1,1,299848.0,14917
-0.949999988079071,1.7799999713897705,9.899999618530273,279.3125,0.3125,-3.1875,-10.125,2.0625,-488.3125,19.5625,-19.875,-40.1875,-0.76214599609375,-0.02325439453125,-0.01556396484375,-0.6468505859375,70.0,4,1,1,1,1,299867.0,14918
1.090000033378601,-1.46999990940094,9.389999389648438,288.25,-0.125,-3.0625,-5.6875,1.5625,-428.875,19.5625,-19.875,-40.1875,-0.81011962890625,-0.0208740234375,-0.016845703125,-0.58563232421875,70.0,4,1,1,1,1,299888.0,14919
0.17999999225139618,0.04999999701976776,9.319999694824219,296.25,-0.5625,-3.0,2.3125,0.25,-18.1875,22.875,-8.5625,-43.0625,-0.84893798828125,-0.01971435546875,-0.01824951171875,-0.52777099609375,70.0,4,1,1,1,1,299937.0,14920
0.17999999225139618,0.04999999701976776,9.319999694824219,296.25,-0.5625,-3.0,2.3125,0.25,-18.1875,22.875,-8.5625,-43.0625,-0.84893798828125,-0.01971435546875,-0.01824951171875,-0.52777099609375,70.0,4,1,1,1,1,299943.0,14921
1.9399999380111694,-1.159999966621399,9.309999465942383,296.25,-0.5625,-3.0,2.3125,0.75,0.0,22.875,-8.5625,-43.0625,-0.84893798828125,-0.01983642578125,-0.0184326171875,-0.52777099609375,70.0,4,1,1,1,1,299949.0,14922
1.2400000095367432,-1.0799999237060547,9.710000038146973,297.4375,-0.625,-3.0,-2.6875,-0.125,-115.5625,22.5,-7.75,-43.875,-0.85455322265625,-0.01971435546875,-0.01885986328125,-0.51861572265625,70.0,4,1,1,1,1,299967.0,14923
-0.9799999594688416,0.1599999964237213,9.729999542236328,302.25,-0.875,-2.9375,-0.6875,-0.75,-256.6875,22.5,-7.75,-43.875,-0.87542724609375,-0.01885986328125,-0.0194091796875,-0.482666015625,70.0,4,1,1,1,1,299988.0,14924
0.04999999701976776,-0.12999999523162842,9.519999504089355,308.75,-1.25,-3.125,1.5625,0.3125,-0.0625,18.75,-0.375,-46.75,-0.9012451171875,-0.01983642578125,-0.0218505859375,-0.4322509765625,70.0,4,1,1,1,1,300089.0,14928
0.019999999552965164,-0.08999999612569809,9.510000228881836,308.75,-1.25,-3.125,2.1875,0.125,-0.0625,18.75,-0.375,-46.75,-0.9012451171875,-0.01995849609375,-0.02191162109375,-0.4322509765625,70.0,4,1,1,1,1,300098.0,14929
0.009999999776482582,-0.029999999329447746,9.399999618530273,308.75,-1.25,-3.125,3.125,0.75,-0.1875,18.75,-0.375,-46.75,-0.9012451171875,-0.02020263671875,-0.0220947265625,-0.4322509765625,70.0,4,1,1,1,1,300111.0,14930
0.04999999701976776,-0.1899999976158142,9.59000015258789,308.75,-1.1875,-2.9375,-3.1875,-0.8125,-0.1875,19.1875,-0.375,-46.75,-0.90130615234375,-0.0189208984375,-0.02081298828125,-0.4322509765625,70.0,4,1,1,1,1,300129.0,14931
0.029999999329447746,-0.10999999940395355,9.539999961853027,308.75,-1.125,-2.75,-1.1875,-0.5,-0.125,19.1875,-0.375,-46.75,-0.9013671875,-0.01751708984375,-0.01934814453125,-0.43231201171875,70.0,4,1,1,1,1,300149.0,14932
0.019999999552965164,-0.08999999612569809,9.469999313354492,308.75,-1.0625,-2.625,2.875,0.875,-0.125,18.375,-0.75,-47.5625,-0.9013671875,-0.01690673828125,-0.01861572265625,-0.43231201171875,70.0,4,1,1,1,1,300168.0,14933
0.009999999776482582,-0.09999999403953552,9.5,308.75,-1.0,-2.5,-1.25,-0.375,0.0,18.375,-0.75,-47.5625,-0.90142822265625,-0.01617431640625,-0.01788330078125,-0.43231201171875,70.0,4,1,1,1,1,300189.0,14934
0.03999999910593033,-0.10999999940395355,9.479999542236328,308.75,-0.875,-2.25,-1.875,-0.1875,0.125,20.25,3.875,-45.1875,-0.90142822265625,-0.014404296875,-0.01593017578125,-0.43231201171875,70.0,4,1,1,1,1,300239.0,14935
0.05999999865889549,-0.1599999964237213,9.609999656677246,308.75,-0.875,-2.1875,-2.5,-0.3125,0.125,20.25,3.875,-45.1875,-0.9014892578125,-0.01385498046875,-0.01544189453125,-0.432373046875,70.0,4,1,1,1,1,300248.0,14936
0.9199999570846558,-1.3299999237060547,9.519999504089355,318.4375,-1.1875,-1.75,1.5625,-0.6875,-275.6875,18.75,-0.375,-48.0625,-0.93487548828125,-0.01080322265625,-0.01519775390625,-0.35443115234375,70.0,4,1,1,1,1,300329.0,14939
0.47999998927116394,-2.0899999141693115,9.399999618530273,321.0625,-1.25,-1.6875,-2.25,-1.4375,-268.5625,18.75,-0.375,-48.0625,-0.94268798828125,-0.01031494140625,-0.0152587890625,-0.33319091796875,70.0,4,1,1,1,1,300338.0,14940
0.47999998927116394,-2.0899999141693115,9.399999618530273,321.0625,-1.25,-1.6875,-2.25,-1.4375,-268.5625,18.75,-0.375,-48.0625,-0.94268798828125,-0.01031494140625,-0.0152587890625,-0.33319091796875,70.0,4,1,1,1,1,300343.0,14941
-0.17999999225139618,-2.869999885559082,9.460000038146973,323.25,-1.25,-1.625,-2.25,-0.75,-226.875,18.75,-0.375,-48.0625,-0.94891357421875,-0.00982666015625,-0.01531982421875,-0.3150634765625,70.0,4,1,1,1,1,300349.0,14942
0.47999998927116394,-0.4099999964237213,9.5,325.1875,-1.25,-1.4375,-2.6875,-2.125,-51.0625,16.5625,3.1875,-48.0625,-0.9542236328125,-0.00897216796875,-0.0147705078125,-0.298583984375,70.0,4,1,1,1,1,300368.0,14943
2.4099998474121094,-0.8299999833106995,9.369999885559082,327.5625,-1.3125,-1.3125,-2.5,-0.0625,-54.5625,15.5,6.5,-48.0625,-0.96014404296875,-0.008056640625,-0.01458740234375,-0.279052734375,70.0,4,1,1,1,1,300418.0,14944
2.4099998474121094,-0.8299999833106995,9.369999885559082,327.5625,-1.3125,-1.3125,-2.5,-0.0625,-54.5625,15.5,6.5,-48.0625,-0.96014404296875,-0.008056640625,-0.01458740234375,-0.279052734375,70.0,4,1,1,1,1,300423.0,14945
0.17000000178813934,0.8999999761581421,9.489999771118164,329.125,-1.375,-1.25,-4.5625,0.0625,-163.9375,15.5,6.5,-48.0625,-0.96392822265625,-0.0074462890625,-0.01458740234375,-0.2657470703125,70.0,4,1,1,1,1,300429.0,14946
-1.8899999856948853,-0.44999998807907104,9.630000114440918,335.125,-1.5,-1.0625,-0.375,1.75,-333.6875,15.5,6.5,-48.0625,-0.97650146484375,-0.00640869140625,-0.0150146484375,-0.21484375,70.0,4,1,1,1,1,300448.0,14947
0.6299999952316284,-0.6800000071525574,9.489999771118164,340.0,-1.5625,-0.9375,-2.0625,-1.0,-216.5,13.6875,8.6875,-50.0625,-0.98468017578125,-0.005859375,-0.01531982421875,-0.17352294921875,70.0,4,1,1,1,1,300467.0,14948
0.9399999976158142,-1.159999966621399,9.569999694824219,350.3125,-1.625,-0.5,-0.8125,2.0625,-245.25,8.5,10.1875,-49.6875,-0.996337890625,-0.003173828125,-0.014892578125,-0.08416748046875,70.0,4,1,1,1,1,300517.0,14949
0.9399999976158142,-1.159999966621399,9.569999694824219,350.3125,-1.625,-0.5,-0.8125,2.0625,-245.25,8.5,10.1875,-49.6875,-0.996337890625,-0.003173828125,-0.014892578125,-0.08416748046875,70.0,4,1,1,1,1,300523.0,14950
-0.10999999940395355,-0.44999998807907104,9.609999656677246,353.375,-1.6875,-0.3125,-4.625,3.5,-313.6875,8.5,10.1875,-49.6875,-0.99822998046875,-0.0023193359375,-0.0152587890625,-0.0577392578125,70.0,4,1,1,1,1,300529.0,14951
1.350000023841858,-0.08999999612569809,10.329999923706055,18.0,-2.0625,0.0,14.9375,15.3125,90.625,-12.75,16.0625,-51.375,-0.98748779296875,-0.00286865234375,-0.0179443359375,0.15679931640625,70.0,4,1,1,1,1,300838.0,14954
1.350000023841858,-0.08999999612569809,10.329999923706055,18.0,-2.0625,0.0,14.9375,15.3125,90.625,-12.75,16.0625,-51.375,-0.98748779296875,-0.00286865234375,-0.0179443359375,0.15679931640625,70.0,4,1,1,1,1,300843.0,14955
1.709999918937683,-0.2199999988079071,9.170000076293945,17.3125,-2.0,0.0,1.5,-4.0,70.0625,-12.75,16.0625,-51.375,-0.9884033203125,-0.00299072265625,-0.017578125,0.1510009765625,70.0,4,1,1,1,1,300849.0,14956
0.6599999666213989,1.3299999237060547,9.609999656677246,17.0,-1.9375,0.0,0.3125,-4.5625,37.25,-12.75,16.0625,-51.375,-0.98883056640625,-0.00299072265625,-0.01715087890625,0.14788818359375,70.0,4,1,1,1,1,300860.0,14957
-1.2699999809265137,2.759999990463257,9.929999351501465,17.0,-1.9375,0.0,-5.875,-2.1875,-5.3125,-10.1875,17.1875,-50.0625,-0.98876953125,-0.00250244140625,-0.01708984375,0.1483154296875,70.0,4,1,1,1,1,300867.0,14958
-1.2699999809265137,2.759999990463257,9.929999351501465,17.0,-1.9375,0.0,-5.875,-2.1875,-5.3125,-10.1875,17.1875,-50.0625,-0.98876953125,-0.00250244140625,-0.01708984375,0.1483154296875,70.0,4,1,1,1,1,300872.0,14959
-3.3999998569488525,0.1599999964237213,9.59999942779541,17.5,-1.9375,0.0,1.375,-2.1875,-45.375,-10.1875,17.1875,-50.0625,-0.98822021484375,-0.00250244140625,-0.016845703125,0.152099609375,70.0,4,1,1,1,1,300878.0,14960
-2.929999828338623,-0.7699999809265137,9.639999389648438,18.0,-1.9375,0.0,-1.375,-0.875,-55.4375,-10.1875,17.1875,-50.0625,-0.98748779296875,-0.0023193359375,-0.016845703125,0.15673828125,70.0,4,1,1,1,1,300888.0,14961
-2.929999828338623,-0.7699999809265137,9.639999389648438,18.0,-1.9375,0.0,-1.375,-0.875,-55.4375,-10.1875,17.1875,-50.0625,-0.98748779296875,-0.0023193359375,-0.016845703125,0.15673828125,70.0,4,1,1,1,1,300894.0,14962
-0.32999998331069946,0.0,9.429999351501465,18.125,-1.9375,0.0,-1.0,-0.0625,-14.375,-10.1875,17.1875,-50.0625,-0.9873046875,-0.002197265625,-0.016845703125,0.157958984375,70.0,4,1,1,1,1,300900.0,14963
-0.29999998211860657,-0.3499999940395355,9.739999771118164,18.125,-1.9375,0.0625,-2.5625,0.1875,2.0,-10.1875,17.1875,-50.0625,-0.9873046875,-0.00201416015625,-0.016845703125,0.15777587890625,70.0,4,1,1,1,1,300910.0,14964
-0.3400000035762787,-0.14999999105930328,9.1899995803833,18.125,-1.9375,0.0625,-2.25,1.4375,0.3125,-10.5625,19.0,-46.0,-0.9873046875,-0.0018310546875,-0.01702880859375,0.15777587890625,70.0,4,1,1,1,1,300917.0,14965
-0.3400000035762787,-0.14999999105930328,9.1899995803833,18.125,-1.9375,0.0625,-2.25,1.4375,0.3125,-10.5625,19.0,-46.0,-0.9873046875,-0.0018310546875,-0.01702880859375,0.15777587890625,70.0,4,1,1,1,1,300923.0,14966
-0.23999999463558197,-0.25,9.559999465942383,18.125,-1.9375,0.125,-4.0,0.5,-0.8125,-10.5625,19.0,-46.0,-0.9873046875,-0.00146484375,-0.01708984375,0.1578369140625,70.0,4,1,1,1,1,300929.0,14967
-0.32999998331069946,-0.35999998450279236,9.609999656677246,18.125,-1.9375,0.125,-3.4375,-0.1875,-2.3125,-10.5625,19.0,-46.0,-0.9873046875,-0.00115966796875,-0.01715087890625,0.15802001953125,70.0,4,1,1,1,1,300938.0,14968
-0.32999998331069946,-0.35999998450279236,9.609999656677246,18.125,-1.9375,0.125,-3.4375,-0.1875,-2.3125,-10.5625,19.0,-46.0,-0.9873046875,-0.00115966796875,-0.01715087890625,0.15802001953125,70.0,4,1,1,1,1,300943.0,14969
-0.25,-0.4099999964237213,9.869999885559082,18.1875,-1.9375,0.1875,-1.25,0.6875,-1.5625,-10.5625,19.0,-46.0,-0.98724365234375,-0.0010986328125,-0.0172119140625,0.15814208984375,70.0,4,1,1,1,1,300949.0,14970
-0.19999998807907104,-0.029999999329447746,9.289999961853027,18.1875,-1.9375,0.125,0.8125,3.0,0.25,-10.5625,19.0,-46.0,-0.98724365234375,-0.001220703125,-0.0174560546875,0.15814208984375,70.0,4,1,1,1,1,300960.0,14971
-0.4899999797344208,-0.3400000035762787,9.34000015258789,18.1875,-2.0625,0.1875,-5.875,8.625,-1.375,-10.1875,23.75,-44.6875,-0.98724365234375,-0.00079345703125,-0.01824951171875,0.15826416015625,70.0,4,1,1,1,1,300968.0,14972
-0.4899999797344208,-0.3400000035762787,9.34000015258789,18.1875,-2.0625,0.1875,-5.875,8.625,-1.375,-10.1875,23.75,-44.6875,-0.98724365234375,-0.00079345703125,-0.01824951171875,0.15826416015625,70.0,4,1,1,1,1,300973.0,14973
-0.6399999856948853,-1.399999976158142,9.559999465942383,20.4375,-1.75,0.75,-5.4375,-3.4375,-102.5625,-11.0,18.25,-44.6875,-0.98394775390625,0.004150390625,-0.0164794921875,0.17767333984375,70.0,4,1,1,1,1,301018.0,14974
-0.6399999856948853,-1.399999976158142,9.559999465942383,20.4375,-1.75,0.75,-5.4375,-3.4375,-102.5625,-11.0,18.25,-44.6875,-0.98394775390625,0.004150390625,-0.0164794921875,0.17767333984375,70.0,4,1,1,1,1,301023.0,14975
-0.4599999785423279,-1.2300000190734863,9.479999542236328,21.75,-1.6875,0.8125,-0.6875,-1.8125,-135.6875,-11.0,18.25,-44.6875,-0.98187255859375,0.00445556640625,-0.01629638671875,0.18890380859375,70.0,4,1,1,1,1,301029.0,14976
-0.44999998807907104,0.17000000178813934,9.429999351501465,36.0,-1.4375,1.3125,-2.0,1.0625,-415.25,-15.0,17.1875,-48.5,-0.95086669921875,0.00701904296875,-0.015625,0.30914306640625,70.0,4,1,1,1,1,301088.0,14978
-0.44999998807907104,0.17000000178813934,9.429999351501465,36.0,-1.4375,1.3125,-2.0,1.0625,-415.25,-15.0,17.1875,-48.5,-0.95086669921875,0.00701904296875,-0.015625,0.30914306640625,70.0,4,1,1,1,1,301094.0,14979
-0.6800000071525574,-1.8399999141693115,9.59000015258789,52.625,-1.0,1.8125,-7.75,1.0,-317.875,-19.75,15.0,-50.0625,-0.89605712890625,0.01055908203125,-0.0152587890625,0.4434814453125,70.0,4,1,1,1,1,301138.0,14980
-0.47999998927116394,-0.9099999666213989,9.429999351501465,55.4375,-0.9375,1.9375,-4.9375,1.3125,-291.0,-19.75,15.0,-50.0625,-0.8848876953125,0.01123046875,-0.0152587890625,0.46539306640625,70.0,4,1,1,1,1,301148.0,14981
-0.47999998927116394,-0.9099999666213989,9.429999351501465,55.4375,-0.9375,1.9375,-4.9375,1.3125,-291.0,-19.75,15.0,-50.0625,-0.8848876953125,0.01123046875,-0.0152587890625,0.46539306640625,70.0,4,1,1,1,1,301154.0,14982
-0.44999998807907104,-1.2699999809265137,9.489999771118164,59.875,-0.8125,2.0625,-1.625,1.625,-208.1875,-27.875,8.375,-50.5625,-0.86614990234375,0.01202392578125,-0.01519775390625,0.4993896484375,70.0,4,1,1,1,1,301168.0,14983
-0.429999977350235,-1.3700000047683716,9.579999923706055,62.4375,-0.75,2.125,-1.3125,1.5,-107.875,-27.875,8.375,-50.5625,-0.8548583984375,0.01251220703125,-0.01531982421875,0.51849365234375,70.0,4,1,1,1,1,301189.0,14984
-0.23999999463558197,-0.949999988079071,9.859999656677246,63.125,-0.8125,2.3125,3.1875,0.875,-11.6875,-27.875,8.375,-50.5625,-0.851806640625,0.0135498046875,-0.01678466796875,0.52337646484375,70.0,4,1,1,1,1,301210.0,14985
-1.659999966621399,-1.0499999523162842,9.84999942779541,63.0625,-1.0,2.0625,5.4375,12.6875,4.625,-30.375,6.5,-49.6875,-0.85211181640625,0.01116943359375,-0.01708984375,0.52294921875,70.0,4,1,1,1,1,301228.0,14986
-0.4599999785423279,-0.6599999666213989,9.539999961853027,62.125,-0.875,2.0,0.3125,-0.8125,-1.4375,-30.75,3.1875,-51.75,-0.85638427734375,0.0111083984375,-0.0157470703125,0.5159912109375,69.0,3,1,1,1,1,301323.0,14989
-0.3100000023841858,-0.5699999928474426,9.5,62.125,-0.875,2.0,-0.6875,-0.8125,-2.8125,-30.75,3.1875,-51.75,-0.85626220703125,0.01116943359375,-0.01568603515625,0.5162353515625,69.0,3,1,1,1,1,301329.0,14990
-0.32999998331069946,-0.5699999928474426,9.519999504089355,62.125,-0.875,2.0,-0.5,-0.75,-0.125,-30.75,3.1875,-51.75,-0.85626220703125,0.01129150390625,-0.01580810546875,0.51617431640625,69.0,3,1,1,1,1,301339.0,14991
-0.3100000023841858,-0.5799999833106995,9.529999732971191,62.125,-0.875,2.0,-0.4375,-0.4375,0.1875,-30.75,3.1875,-51.75,-0.85626220703125,0.0113525390625,-0.01593017578125,0.51617431640625,69.0,3,1,1,1,1,301349.0,14992
-0.25,-1.0799999237060547,10.069999694824219,62.125,-0.875,2.0625,-0.0625,-0.125,-0.0625,-31.5625,2.5,-52.1875,-0.85626220703125,0.0113525390625,-0.01605224609375,0.51617431640625,69.0,3,1,1,1,1,301368.0,14993
2.2200000286102295,0.0,10.380000114440918,62.125,-0.875,1.875,6.625,1.375,-1.1875,-31.5625,2.5,-52.1875,-0.856201171875,0.01007080078125,-0.01556396484375,0.51629638671875,69.0,3,1,1,1,1,301388.0,14994
-0.8299999833106995,-1.1299999952316284,9.789999961853027,64.1875,-0.8125,1.75,13.0625,0.5,-148.5,-31.5625,2.5,-52.1875,-0.846923828125,0.00927734375,-0.01458740234375,0.53143310546875,69.0,3,1,1,1,1,301410.0,14995
-0.20999999344348907,-0.25999999046325684,9.279999732971191,66.5,-0.6875,1.75,1.9375,-2.1875,-121.375,-31.1875,3.5625,-52.1875,-0.8360595703125,0.0093994140625,-0.013916015625,0.54840087890625,69.0,3,1,1,1,1,301428.0,14996
-1.9499999284744263,-1.5999999046325684,9.649999618530273,78.3125,-0.25,1.9375,2.0625,-2.125,-308.6875,-30.75,5.0625,-50.5625,-0.775146484375,0.01177978515625,-0.012451171875,0.63153076171875,69.0,3,1,1,1,1,301478.0,14997
-1.1299999952316284,-0.5600000023841858,9.75,80.4375,-0.125,1.9375,0.1875,-1.1875,-220.0625,-30.75,5.0625,-50.5625,-0.7633056640625,0.0120849609375,-0.01214599609375,0.64581298828125,69.0,3,1,1,1,1,301488.0,14998
-0.26999998092651367,-0.08999999612569809,9.4399995803833,81.6875,-0.0625,1.9375,-1.5,-1.25,-127.5,-30.75,5.0625,-50.5625,-0.75628662109375,0.0123291015625,-0.01202392578125,0.65399169921875,69.0,3,1,1,1,1,301498.0,14999
-0.5600000023841858,-0.03999999910593033,9.579999923706055,82.4375,-0.0625,1.9375,-0.125,-1.4375,-79.1875,-30.75,5.0625,-50.5625,-0.75189208984375,0.01251220703125,-0.0118408203125,0.6590576171875,69.0,3,1,1,1,1,301510.0,15000
-0.05999999865889549,-1.899999976158142,9.34999942779541,90.75,0.1875,2.0625,3.125,-0.6875,-115.5625,-33.0,-7.75,-53.0625,-0.70233154296875,0.01422119140625,-0.0115966796875,0.71160888671875,69.0,3,1,1,1,1,301588.0,15004
-0.03999999910593033,-1.649999976158142,9.529999732971191,92.5,0.25,2.0,2.6875,-1.375,-81.75,-33.0,-7.75,-53.0625,-0.6912841796875,0.01416015625,-0.010986328125,0.72235107421875,69.0,3,1,1,1,1,301610.0,15005
-0.3499999940395355,0.3100000023841858,9.289999961853027,93.4375,0.375,2.0,-2.1875,-3.4375,-43.3125,-31.1875,-9.5625,-53.375,-0.6854248046875,0.01458740234375,-0.01043701171875,0.7279052734375,69.0,3,1,1,1,1,301628.0,15006
-0.25999999046325684,-0.4699999988079071,9.699999809265137,95.3125,0.4375,2.0625,-4.0,-0.0625,-111.4375,-31.1875,-9.5625,-53.375,-0.6732177734375,0.01531982421875,-0.0108642578125,0.73919677734375,69.0,3,1,1,1,1,301648.0,15007
-0.29999998211860657,-1.9199999570846558,9.639999389648438,96.875,0.4375,2.0625,-0.6875,3.1875,-57.875,-27.0625,-11.0625,-54.1875,-0.66314697265625,0.01513671875,-0.0107421875,0.748291015625,69.0,3,1,1,1,1,301667.0,15008
0.5999999642372131,-0.9099999666213989,9.449999809265137,96.5625,0.4375,2.125,-3.75,-1.75,30.9375,-27.0625,-11.0625,-54.1875,-0.6651611328125,0.015625,-0.01129150390625,0.7464599609375,69.0,3,1,1,1,1,301688.0,15009
1.25,-0.9699999690055847,9.329999923706055,96.6875,0.4375,2.3125,-9.875,0.875,-26.5,-27.0625,-11.0625,-54.1875,-0.66424560546875,0.0166015625,-0.0123291015625,0.74725341796875,69.0,3,1,1,1,1,301710.0,15010
-0.14999999105930328,-1.1299999952316284,9.559999465942383,97.6875,0.4375,2.3125,0.6875,1.375,-46.5625,-24.1875,-13.6875,-55.875,-0.657958984375,0.0167236328125,-0.0125732421875,0.7528076171875,69.0,3,1,1,1,1,301728.0,15011
-0.2800000011920929,-0.6299999952316284,9.389999389648438,97.8125,0.4375,2.25,0.375,1.25,-0.1875,-24.1875,-13.6875,-55.875,-0.6568603515625,0.016357421875,-0.01251220703125,0.75372314453125,69.0,3,1,1,1,1,301748.0,15012
-0.2199999988079071,-0.7299999594688416,9.510000228881836,97.8125,0.4375,2.3125,-1.25,-0.25,0.0,-23.0625,-18.75,-57.0625,-0.6568603515625,0.01666259765625,-0.01275634765625,0.75372314453125,69.0,3,1,1,1,1,301768.0,15013
-0.22999998927116394,-0.7899999618530273,9.559999465942383,97.8125,0.375,2.4375,-1.75,-0.1875,0.0,-23.0625,-18.5,-57.1875,-0.6568603515625,0.01690673828125,-0.013916015625,0.753662109375,69.0,3,1,1,1,1,301824.0,15016
-4.230000019073486,-6.829999923706055,9.829999923706055,97.625,0.3125,2.4375,-0.0625,-0.25,22.1875,-23.0625,-18.5,-57.1875,-0.65826416015625,0.0167236328125,-0.0142822265625,0.75244140625,69.0,3,1,1,1,1,301848.0,15017
-1.1699999570846558,-3.2200000286102295,9.510000228881836,96.375,0.25,2.5,-4.3125,-0.1875,130.4375,-23.0625,-18.5,-57.1875,-0.66650390625,0.016845703125,-0.01470947265625,0.7451171875,69.0,3,1,1,1,1,301864.0,15018
0.47999998927116394,-1.0699999332427979,9.420000076293945,86.875,-0.125,2.4375,2.6875,1.125,365.5,-23.0625,-17.75,-55.5,-0.72564697265625,0.01495361328125,-0.01593017578125,0.68768310546875,69.0,3,1,1,1,1,301888.0,15019
0.04999999701976776,-2.0999999046325684,9.649999618530273,83.4375,-0.25,2.4375,-0.1875,0.5625,357.1875,-23.0625,-17.75,-55.5,-0.74609375,0.01446533203125,-0.016357421875,0.66552734375,69.0,3,1,1,1,1,301904.0,15020
0.5699999928474426,-0.12999999523162842,9.619999885559082,72.75,-0.6875,2.3125,0.4375,-0.1875,370.5,-23.5,-14.0625,-57.5625,-0.8046875,0.0128173828125,-0.0174560546875,0.59326171875,69.0,3,1,1,1,1,301928.0,15021
-0.19999998807907104,-0.9399999976158142,9.679999351501465,66.8125,-0.9375,2.125,5.8125,-0.125,267.1875,-23.5,-14.0625,-57.5625,-0.83447265625,0.01092529296875,-0.01739501953125,0.5506591796875,69.0,3,1,1,1,1,301948.0,15022
-0.29999998211860657,0.5,9.550000190734863,64.5625,-1.0,2.0625,-1.9375,-2.875,229.25,-23.5,-14.0625,-57.5625,-0.844970703125,0.0108642578125,-0.01751708984375,0.534423828125,69.0,3,1,1,1,1,301964.0,15023
-2.2100000381469727,0.699999988079071,9.630000114440918,58.3125,-1.1875,2.0,-5.8125,-0.625,204.5,-22.0,-7.75,-58.375,-0.8729248046875,0.01019287109375,-0.0179443359375,0.48748779296875,69.0,3,1,1,1,1,301988.0,15024
-2.4800000190734863,-0.7899999618530273,9.59000015258789,56.1875,-1.25,2.0,-5.75,-0.25,223.875,-22.0,-7.75,-58.375,-0.8819580078125,0.01031494140625,-0.01837158203125,0.47088623046875,69.0,3,1,1,1,1,302004.0,15025
0.5699999928474426,-1.0399999618530273,10.109999656677246,35.875,-1.875,1.3125,2.1875,-1.6875,155.5625,-23.5,-4.5,-57.5625,-0.9510498046875,0.00592041015625,-0.019287109375,0.30828857421875,69.0,3,1,1,1,1,302104.0,15030
-0.4399999976158142,0.32999998331069946,9.269999504089355,31.125,-1.9375,1.0625,5.3125,-1.75,171.0,-20.875,-0.375,-58.875,-0.963134765625,0.00433349609375,-0.01910400390625,0.268310546875,69.0,3,1,1,1,1,302128.0,15031
-0.44999998807907104,0.23999999463558197,9.679999351501465,29.375,-1.9375,0.9375,2.9375,-2.625,177.625,-20.875,-0.375,-58.875,-0.967041015625,0.00384521484375,-0.0189208984375,0.25384521484375,69.0,3,1,1,1,1,302144.0,15032
1.959999918937683,-0.6599999666213989,9.389999389648438,25.9375,-2.0,0.8125,-1.375,1.5625,169.4375,-20.875,-0.375,-58.875,-0.9742431640625,0.0032958984375,-0.01904296875,0.2247314453125,69.0,3,1,1,1,1,302164.0,15033
-0.38999998569488525,-0.3199999928474426,9.479999542236328,24.375,-2.0625,0.75,0.6875,0.375,46.0,-16.5,6.875,-58.375,-0.97723388671875,0.00274658203125,-0.01910400390625,0.211181640625,69.0,3,1,1,1,1,302184.0,15034
-0.2800000011920929,-0.35999998450279236,9.519999504089355,24.3125,-2.0625,0.75,0.125,-0.1875,-0.0625,-16.5,6.875,-58.375,-0.977294921875,0.002685546875,-0.01910400390625,0.21099853515625,69.0,3,1,1,1,1,302204.0,15035
-0.29999998211860657,-0.35999998450279236,9.519999504089355,24.3125,-2.0625,0.75,0.125,-0.0625,0.125,-15.375,5.375,-60.5,-0.977294921875,0.002685546875,-0.01910400390625,0.21099853515625,69.0,3,1,1,1,1,302224.0,15036
-0.3199999928474426,-0.35999998450279236,9.510000228881836,24.3125,-2.0625,0.75,0.0625,-0.1875,0.0625,-15.375,5.375,-60.5,-0.977294921875,0.002685546875,-0.01910400390625,0.21099853515625,69.0,3,1,1,1,1,302244.0,15037
-0.29999998211860657,-0.3799999952316284,9.529999732971191,24.3125,-2.0625,0.75,0.0625,0.125,0.0625,-15.375,5.375,-60.5,-0.977294921875,0.0028076171875,-0.01910400390625,0.21099853515625,69.0,3,1,1,1,1,302264.0,15038
-0.28999999165534973,-0.35999998450279236,9.479999542236328,24.3125,-2.0,0.8125,0.0625,-0.1875,0.0625,-14.5625,1.0,-60.5,-0.977294921875,0.0035400390625,-0.01910400390625,0.21099853515625,69.0,3,1,1,1,1,302344.0,15042
-3.0899999141693115,-0.5399999618530273,9.469999313354492,24.0,-2.0625,0.8125,0.3125,-0.1875,35.375,-14.5625,1.0,-60.5,-0.9779052734375,0.0032958984375,-0.0191650390625,0.2081298828125,69.0,3,1,1,1,1,302364.0,15043
-1.6999999284744263,-2.8499999046325684,9.729999542236328,19.75,-2.125,0.625,-0.9375,4.8125,275.875,-15.0,4.25,-60.875,-0.9849853515625,0.0025634765625,-0.019775390625,0.17156982421875,69.0,3,1,1,1,1,302384.0,15044
-0.8999999761581421,-0.5899999737739563,9.479999542236328,12.8125,-2.1875,0.375,-2.6875,-1.5625,387.3125,-15.0,4.25,-60.875,-0.9935302734375,0.0015869140625,-0.0198974609375,0.11175537109375,69.0,3,1,1,1,1,302404.0,15045
0.14999999105930328,-0.7699999809265137,9.369999885559082,5.125,-2.3125,0.0,4.9375,5.0,385.8125,-13.1875,1.6875,-59.6875,-0.998779296875,-0.0006103515625,-0.0205078125,0.04486083984375,69.0,3,1,1,1,1,302424.0,15046
-0.1899999976158142,-1.3399999141693115,9.539999961853027,357.6875,-2.375,-0.3125,6.125,2.875,388.9375,-13.1875,1.6875,-59.6875,-0.99957275390625,-0.0028076171875,-0.02099609375,-0.0196533203125,69.0,3,1,1,1,1,302444.0,15047
-0.26999998092651367,-2.25,9.460000038146973,349.375,-2.3125,-0.8125,6.375,1.25,444.8125,-13.1875,1.6875,-59.6875,-0.99554443359375,-0.00543212890625,-0.02105712890625,-0.09210205078125,69.0,3,1,1,1,1,302464.0,15048
-0.7099999785423279,-2.0399999618530273,9.510000228881836,339.8125,-2.125,-1.25,2.25,-0.4375,519.0625,-4.375,12.375,-56.375,-0.98431396484375,-0.00799560546875,-0.02044677734375,-0.17498779296875,69.0,3,1,1,1,1,302484.0,15049
2.740000009536743,-2.3299999237060547,9.760000228881836,327.9375,-1.8125,-1.6875,-1.125,2.25,641.5625,-4.375,12.375,-56.375,-0.96087646484375,-0.0101318359375,-0.0198974609375,-0.2760009765625,69.0,3,1,1,1,1,302504.0,15050
2.450000047683716,-0.32999998331069946,8.559999465942383,270.6875,0.3125,-3.0,14.5625,6.0,765.8125,19.5625,-1.875,-46.0,-0.71124267578125,-0.02081298828125,-0.01629638671875,-0.702392578125,69.0,3,1,1,1,1,302584.0,15054
1.3199999332427979,1.3899999856948853,10.119999885559082,259.1875,0.8125,-3.0,6.6875,4.5625,533.9375,19.5625,-1.875,-46.0,-0.63739013671875,-0.0225830078125,-0.0155029296875,-0.77008056640625,69.0,3,1,1,1,1,302604.0,15055
1.100000023841858,-0.17000000178813934,7.75,252.5,1.125,-2.9375,-1.0,2.3125,288.25,22.5,-19.5625,-39.75,-0.59149169921875,-0.02337646484375,-0.0150146484375,-0.80584716796875,69.0,3,1,1,1,1,302624.0,15056
2.0399999618530273,-0.12999999523162842,9.279999732971191,248.0,1.375,-2.3125,-13.8125,-0.625,223.625,22.5,-19.5625,-39.75,-0.55938720703125,-0.02154541015625,-0.01019287109375,-0.82855224609375,69.0,3,1,1,1,1,302644.0,15057
1.2200000286102295,-0.5600000023841858,9.529999732971191,244.1875,1.5,-2.1875,0.875,-0.25,72.625,18.0625,-28.375,-35.1875,-0.531494140625,-0.02166748046875,-0.00909423828125,-0.84674072265625,69.0,3,1,1,1,1,302669.0,15058
0.20999999344348907,-0.35999998450279236,9.460000038146973,244.0625,1.5,-2.1875,0.25,0.1875,16.0,18.0625,-28.375,-35.1875,-0.53033447265625,-0.021728515625,-0.00909423828125,-0.84747314453125,69.0,3,1,1,1,1,302684.0,15059
0.28999999165534973,-0.41999998688697815,9.519999504089355,244.0625,1.5,-2.1875,0.0,-0.125,0.0625,18.0625,-28.375,-35.1875,-0.53033447265625,-0.021728515625,-0.00909423828125,-0.84747314453125,69.0,3,1,1,1,1,302704.0,15060
0.28999999165534973,-0.429999977350235,9.519999504089355,244.0625,1.5,-2.1875,-0.0625,0.0,0.0,16.875,-24.375,-36.875,-0.53033447265625,-0.021728515625,-0.00909423828125,-0.84747314453125,69.0,3,1,1,1,1,302724.0,15061
0.28999999165534973,-0.4399999976158142,9.469999313354492,244.0625,1.5,-2.1875,0.0625,-0.1875,-0.0625,16.875,-24.375,-36.875,-0.53033447265625,-0.021728515625,-0.00909423828125,-0.84747314453125,69.0,3,1,1,1,1,302744.0,15062
0.26999998092651367,-0.4399999976158142,9.479999542236328,244.0625,1.5625,-1.5625,0.0,0.0,-0.0625,16.25,-31.25,-36.875,-0.5302734375,-0.01910400390625,-0.00445556640625,-0.84759521484375,69.0,3,1,1,1,1,302804.0,15065
0.29999998211860657,-0.429999977350235,9.5,244.0,1.5625,-1.375,0.0,-0.0625,0.0625,16.5625,-30.5625,-37.25,-0.5302734375,-0.01824951171875,-0.00286865234375,-0.84759521484375,69.0,3,1,1,1,1,302824.0,15066
0.29999998211860657,-0.41999998688697815,9.479999542236328,244.0,1.5625,-1.1875,0.0625,0.0,0.0625,16.5625,-30.5625,-37.25,-0.5302734375,-0.0174560546875,-0.00146484375,-0.84765625,69.0,3,1,1,1,1,302844.0,15067
0.28999999165534973,-0.4099999964237213,9.519999504089355,244.0,1.5625,-1.0,-0.0625,0.0625,-0.125,16.5625,-30.5625,-37.25,-0.5302734375,-0.01678466796875,-0.000244140625,-0.84765625,69.0,3,1,1,1,1,302864.0,15068
0.28999999165534973,-0.26999998092651367,9.309999465942383,244.0,1.5625,-0.875,0.125,-0.0625,0.0625,17.0,-28.375,-35.25,-0.5302734375,-0.0162353515625,0.00079345703125,-0.84765625,69.0,3,1,1,1,1,302884.0,15069
0.0,-0.4899999797344208,9.529999732971191,244.0,1.75,-0.6875,-5.8125,-14.25,1.3125,17.0,-28.375,-35.25,-0.5301513671875,-0.0164794921875,0.00262451171875,-0.84771728515625,69.0,3,1,1,1,1,302904.0,15070
0.2199999988079071,-0.2199999988079071,9.510000228881836,243.75,1.75,-0.75,3.375,2.4375,20.625,18.375,-26.1875,-36.0625,-0.5284423828125,-0.01654052734375,0.00238037109375,-0.84881591796875,69.0,3,1,1,1,1,302924.0,15071
0.8899999856948853,-2.5899999141693115,9.559999465942383,242.375,1.625,-0.75,2.4375,5.1875,93.375,18.375,-26.1875,-36.0625,-0.51788330078125,-0.01617431640625,0.00164794921875,-0.85528564453125,69.0,3,1,1,1,1,302944.0,15072
2.629999876022339,-0.9399999976158142,9.449999809265137,238.9375,1.6875,-0.75,6.25,0.5,206.375,18.375,-26.1875,-36.0625,-0.49212646484375,-0.016357421875,0.00128173828125,-0.870361328125,69.0,3,1,1,1,1,302964.0,15073
-4.75,0.9199999570846558,9.569999694824219,233.3125,1.75,-0.625,2.9375,2.25,315.375,17.0,-24.75,-34.375,-0.4488525390625,-0.016357421875,0.00152587890625,-0.8934326171875,69.0,3,1,1,1,1,302984.0,15074
1.6100000143051147,0.44999998807907104,9.34000015258789,202.625,1.8125,0.125,1.1875,0.5,350.0,11.375,-34.5625,-37.25,-0.19635009765625,-0.015380859375,0.00433349609375,-0.98040771484375,69.0,3,1,1,1,1,303064.0,15078
0.7099999785423279,-1.559999942779541,9.489999771118164,196.5625,1.75,0.25,3.9375,0.6875,307.0625,2.5625,-39.0625,-38.1875,-0.14434814453125,-0.01513671875,0.004638671875,-0.9893798828125,69.0,3,1,1,1,1,303084.0,15079
0.09999999403953552,-3.5,9.5,189.875,1.6875,0.4375,1.375,1.0625,370.75,2.5625,-39.0625,-38.1875,-0.08624267578125,-0.0146484375,0.0052490234375,-0.99615478515625,69.0,3,1,1,1,1,303104.0,15080
0.8899999856948853,-2.859999895095825,9.510000228881836,180.25,1.625,0.6875,-0.0625,-1.1875,539.8125,-4.375,-39.75,-41.375,-0.00250244140625,-0.0142822265625,0.00640869140625,-0.9998779296875,69.0,3,1,1,1,1,303124.0,15081
1.7999999523162842,-0.7899999618530273,9.34999942779541,169.125,1.4375,1.0,-0.5,-0.9375,566.5,-4.375,-39.75,-41.375,0.0947265625,-0.01373291015625,0.00787353515625,-0.995361328125,69.0,3,1,1,1,1,303144.0,15082
1.4199999570846558,1.1299999952316284,9.630000114440918,159.9375,1.3125,1.25,-2.5,-1.125,441.3125,-4.375,-39.75,-41.375,0.1737060546875,-0.01324462890625,0.00921630859375,-0.98468017578125,69.0,3,1,1,1,1,303164.0,15083
0.29999998211860657,0.8999999761581421,9.619999885559082,152.5,1.125,1.375,3.9375,1.5,373.0,-15.0,-32.75,-43.875,0.2371826171875,-0.01251220703125,0.0096435546875,-0.9713134765625,69.0,3,1,1,1,1,303184.0,15084
0.3999999761581421,-0.019999999552965164,9.279999732971191,146.1875,0.9375,1.4375,4.625,1.5625,301.8125,-15.0,-32.75,-43.875,0.29034423828125,-0.01153564453125,0.009765625,-0.956787109375,69.0,3,1,1,1,1,303204.0,15085
0.6499999761581421,0.3499999940395355,9.5,142.375,0.8125,1.4375,0.9375,-0.5,160.75,-22.375,-31.0,-50.1875,0.32208251953125,-0.01116943359375,0.0098876953125,-0.94659423828125,69.0,3,1,1,1,1,303224.0,15086
0.3400000035762787,-1.0399999618530273,9.59999942779541,141.3125,0.8125,1.5,-0.9375,-0.5,21.3125,-22.375,-31.0,-50.1875,0.33087158203125,-0.01116943359375,0.01007080078125,-0.94354248046875,69.0,3,1,1,1,1,303244.0,15087
-0.009999999776482582,-0.8199999928474426,9.510000228881836,141.3125,0.8125,1.5,-0.0625,-0.0625,0.125,-24.5625,-28.0,-50.5625,0.33087158203125,-0.01116943359375,0.01007080078125,-0.94354248046875,69.0,3,1,1,1,1,303304.0,15090
-0.029999999329447746,-0.7999999523162842,9.5,141.3125,0.75,1.5625,0.0,0.0625,0.0625,-24.875,-28.75,-51.75,0.33087158203125,-0.01123046875,0.01068115234375,-0.94354248046875,69.0,3,1,1,1,1,303324.0,15091
-0.019999999552965164,-0.7999999523162842,9.529999732971191,141.3125,0.75,1.6875,0.125,0.1875,0.0625,-24.875,-28.75,-51.75,0.33087158203125,-0.01123046875,0.0118408203125,-0.94354248046875,69.0,3,1,1,1,1,303344.0,15092
-0.03999999910593033,-0.8499999642372131,9.510000228881836,141.3125,0.6875,1.8125,-0.0625,0.0625,0.0,-24.875,-28.75,-51.75,0.33087158203125,-0.01129150390625,0.012939453125,-0.94354248046875,69.0,3,1,1,1,1,303364.0,15093
1.0799999237060547,-4.380000114440918,9.90999984741211,141.125,0.6875,1.875,-3.875,-1.875,17.5625,-24.5625,-28.375,-52.5625,0.332275390625,-0.0115966796875,0.0137939453125,-0.9429931640625,69.0,3,1,1,1,1,303384.0,15094
-1.7300000190734863,-4.610000133514404,9.329999923706055,137.3125,0.5625,2.0,5.625,-0.875,251.9375,-24.5625,-28.375,-52.5625,0.363525390625,-0.0113525390625,0.014404296875,-0.931396484375,69.0,3,1,1,1,1,303404.0,15095
-1.5299999713897705,10.619999885559082,10.300000190734863,128.9375,0.3125,2.0,-0.25,-1.3125,483.6875,-24.5625,-24.75,-50.5625,0.430908203125,-0.0103759765625,0.01470947265625,-0.9022216796875,69.0,3,1,1,1,1,303424.0,15096
0.23999999463558197,-1.9399999380111694,9.989999771118164,119.6875,0.0,2.0625,-13.125,1.375,475.8125,-24.5625,-24.75,-50.5625,0.50225830078125,-0.0093994140625,0.01580810546875,-0.864501953125,69.0,3,1,1,1,1,303444.0,15097
-1.6399999856948853,-2.859999895095825,9.609999656677246,109.6875,-0.3125,2.1875,-4.875,-2.5,550.875,-24.5625,-24.75,-50.5625,0.57550048828125,-0.00872802734375,0.01727294921875,-0.81756591796875,69.0,3,1,1,1,1,303464.0,15098
1.25,-0.5099999904632568,9.760000228881836,97.125,-0.625,1.9375,12.5,-6.4375,659.125,-28.5625,-21.375,-54.6875,0.6614990234375,-0.0068359375,0.0166015625,-0.74969482421875,69.0,3,1,1,1,1,303484.0,15099
-0.32999998331069946,-1.2400000095367432,9.429999351501465,57.5,-1.375,0.625,3.9375,-0.1875,478.0,-27.0625,-14.0625,-57.1875,0.87652587890625,0.00091552734375,0.01373291015625,-0.48114013671875,69.0,3,1,1,1,1,303564.0,15103
0.3100000023841858,-1.1399999856948853,9.760000228881836,50.875,-1.4375,0.375,6.6875,0.75,303.0625,-23.75,-10.375,-57.5625,0.90289306640625,0.00250244140625,0.01318359375,-0.4295654296875,69.0,3,1,1,1,1,303584.0,15104
0.3999999761581421,-0.5699999928474426,9.569999694824219,45.9375,-1.5,0.1875,0.75,0.5625,239.0625,-23.75,-10.375,-57.5625,0.92047119140625,0.00347900390625,0.01300048828125,-0.390625,69.0,3,1,1,1,1,303604.0,15105
0.23999999463558197,-0.7099999785423279,9.569999694824219,42.625,-1.5,0.0625,1.9375,-0.125,148.0625,-18.6875,-8.5625,-58.75,0.93145751953125,0.0042724609375,0.0126953125,-0.36358642578125,69.0,3,1,1,1,1,303624.0,15106
0.11999999731779099,-0.5399999618530273,9.5,40.8125,-1.5,0.0,4.875,0.5625,76.125,-18.6875,-8.5625,-58.75,0.93695068359375,0.0048828125,0.0125732421875,-0.34912109375,69.0,3,1,1,1,1,303644.0,15107
-0.3700000047683716,-0.3100000023841858,9.429999351501465,40.25,-1.5,-0.0625,-0.5625,0.375,14.375,-18.6875,-8.5625,-58.75,0.93878173828125,0.00537109375,0.012451171875,-0.34423828125,69.0,3,1,1,1,1,303664.0,15108
-0.3100000023841858,-0.5199999809265137,9.65999984741211,40.25,-1.5,0.0,-3.625,-0.8125,-0.125,-16.875,-6.25,-60.875,0.93878173828125,0.00482177734375,0.0125732421875,-0.34423828125,69.0,3,1,1,1,1,303684.0,15109
-0.3199999928474426,-0.41999998688697815,9.519999504089355,40.25,-1.5,0.0,0.0,0.0625,0.0625,-16.875,-6.25,-60.875,0.93878173828125,0.00482177734375,0.0125732421875,-0.34423828125,69.0,3,1,1,1,1,303704.0,15110
-0.3100000023841858,-0.4099999964237213,9.5,40.25,-1.5,0.0,-0.0625,-0.0625,0.0,-17.5625,-11.0625,-61.25,0.93878173828125,0.00482177734375,0.0125732421875,-0.34423828125,69.0,3,1,1,1,1,303724.0,15111
-0.3199999928474426,-0.41999998688697815,9.510000228881836,40.25,-1.5625,0.25,-0.125,0.0,0.0,-17.1875,-10.75,-60.875,0.93878173828125,0.00244140625,0.01385498046875,-0.34423828125,69.0,3,1,1,1,1,303804.0,15115
-0.3199999928474426,-0.41999998688697815,9.519999504089355,40.25,-1.5625,0.3125,-0.0625,-0.0625,0.0625,-17.5625,-8.875,-59.5625,0.93878173828125,0.001953125,0.01416015625,-0.34423828125,69.0,3,1,1,1,1,303824.0,15116
-0.3100000023841858,-0.44999998807907104,9.510000228881836,40.25,-1.5625,0.375,-0.0625,0.0625,-0.125,-17.5625,-8.875,-59.5625,0.93878173828125,0.00146484375,0.014404296875,-0.34423828125,69.0,3,1,1,1,1,303844.0,15117
-0.32999998331069946,-0.4399999976158142,9.529999732971191,40.25,-1.5625,0.4375,0.0,-0.0625,0.0,-17.5625,-8.875,-59.5625,0.93878173828125,0.0009765625,0.01470947265625,-0.34423828125,69.0,3,1,1,1,1,303864.0,15118
-0.32999998331069946,-0.4099999964237213,9.510000228881836,40.25,-1.625,0.5,0.0625,0.0,0.125,-16.875,-8.5625,-60.875,0.93878173828125,0.0006103515625,0.014892578125,-0.34423828125,69.0,3,1,1,1,1,303884.0,15119
-0.28999999165534973,-0.4399999976158142,9.510000228881836,40.25,-1.625,0.5625,0.125,0.0625,0.0625,-16.875,-8.5625,-60.875,0.938720703125,0.0001220703125,0.01513671875,-0.34423828125,69.0,3,1,1,1,1,303904.0,15120
-0.29999998211860657,-0.4099999964237213,9.510000228881836,40.25,-1.625,0.625,0.0625,-0.125,0.0,-16.875,-7.0625,-60.0625,0.938720703125,-0.00018310546875,0.01531982421875,-0.34429931640625,69.0,3,1,1,1,1,303924.0,15121
-0.32999998331069946,-0.4099999964237213,9.5,40.25,-1.625,0.625,0.1875,0.1875,0.0,-16.875,-7.0625,-60.0625,0.938720703125,-0.00054931640625,0.01556396484375,-0.34429931640625,69.0,3,1,1,1,1,303944.0,15122
-0.3400000035762787,-0.3999999761581421,9.519999504089355,40.25,-1.625,0.6875,-0.0625,0.0625,-0.0625,-16.875,-7.0625,-60.0625,0.938720703125,-0.00091552734375,0.0157470703125,-0.34429931640625,69.0,3,1,1,1,1,303964.0,15123
-0.28999999165534973,-0.4399999976158142,9.539999961853027,40.25,-1.625,0.75,0.125,0.0,0.0625,-17.1875,-3.75,-59.6875,0.938720703125,-0.001220703125,0.01593017578125,-0.34429931640625,69.0,3,1,1,1,1,303984.0,15124
-0.29999998211860657,-0.4399999976158142,9.5,40.25,-1.6875,0.875,0.125,-0.0625,0.0,-17.875,-9.25,-61.25,0.938720703125,-0.00238037109375,0.01654052734375,-0.34429931640625,69.0,3,1,1,1,1,304064.0,15128
0.5600000023841858,-4.309999942779541,9.769999504089355,40.5,-1.6875,0.6875,9.625,0.0625,-27.375,-17.875,-10.375,-60.5,0.9378662109375,-0.00103759765625,0.01611328125,-0.3465576171875,69.0,3,1,1,1,1,304084.0,15129
-0.6699999570846558,0.6499999761581421,9.40999984741211,42.25,-1.625,0.8125,-14.8125,-2.875,-97.625,-17.875,-10.375,-60.5,0.93255615234375,-0.00189208984375,0.01611328125,-0.3607177734375,69.0,3,1,1,1,1,304104.0,15130
-0.3100000023841858,3.7300000190734863,9.729999542236328,43.75,-1.5625,0.9375,-2.875,-0.875,-72.8125,-18.25,-6.25,-60.5,0.92767333984375,-0.00286865234375,0.01629638671875,-0.37298583984375,69.0,3,1,1,1,1,304124.0,15131
0.5,-0.6299999952316284,9.479999542236328,44.75,-1.5625,1.0,0.0625,0.5,-32.5,-18.25,-6.25,-60.5,0.924560546875,-0.00299072265625,0.0162353515625,-0.3807373046875,69.0,3,1,1,1,1,304144.0,15132
-0.019999999552965164,-0.26999998092651367,9.609999656677246,45.75,-1.5,0.9375,0.9375,-0.9375,-70.375,-18.25,-6.25,-60.5,0.92120361328125,-0.00274658203125,0.01593017578125,-0.3887939453125,69.0,3,1,1,1,1,304165.0,15133
-1.5799999237060547,-0.8100000023841858,9.920000076293945,47.0,-1.5,0.9375,3.0,-1.875,-58.6875,-18.6875,-1.1875,-59.1875,0.916748046875,-0.002685546875,0.0155029296875,-0.399169921875,69.0,3,1,1,1,1,304184.0,15134
0.429999977350235,-0.47999998927116394,13.979999542236328,44.5,-0.9375,4.0,-73.75,-20.4375,59.125,-20.875,-4.875,-60.0625,0.9249267578125,-0.02935791015625,0.02093505859375,-0.37841796875,69.0,3,1,1,1,1,304265.0,15138
0.09999999403953552,-0.7899999618530273,13.869999885559082,43.4375,-0.5625,5.25,-58.0625,-19.125,46.375,-19.75,-3.375,-59.1875,0.92791748046875,-0.0406494140625,0.02197265625,-0.369873046875,69.0,3,1,1,1,1,304284.0,15139
-0.029999999329447746,-1.0799999237060547,13.710000038146973,42.875,-0.3125,5.625,-9.375,-16.0625,24.0,-19.75,-3.375,-59.1875,0.9295654296875,-0.0450439453125,0.02099609375,-0.3653564453125,69.0,3,1,1,1,1,304304.0,15140
0.7999999523162842,-1.6999999284744263,13.639999389648438,42.4375,-0.0625,5.5,10.6875,-14.5,19.5,-18.25,1.375,-42.25,0.930908203125,-0.04461669921875,0.01837158203125,-0.36199951171875,69.0,3,1,1,1,1,304324.0,15141
0.6599999666213989,-1.8199999332427979,13.679999351501465,42.375,0.1875,5.3125,9.0625,-20.125,-0.125,-18.25,1.375,-42.25,0.93133544921875,-0.0439453125,0.01483154296875,-0.36114501953125,69.0,3,1,1,1,1,304344.0,15142
0.7199999690055847,-1.659999966621399,13.429999351501465,42.5,0.75,5.4375,-11.75,-29.875,-12.4375,-18.25,1.375,-42.25,0.93084716796875,-0.0467529296875,0.01092529296875,-0.3623046875,69.0,3,1,1,1,1,304365.0,15143
0.38999998569488525,-0.8399999737739563,13.079999923706055,42.9375,1.375,5.625,-10.4375,-30.875,-27.625,-19.75,-2.6875,-25.6875,0.92926025390625,-0.05059814453125,0.00665283203125,-0.3658447265625,69.0,3,1,1,1,1,304384.0,15144
0.26999998092651367,-0.6599999666213989,12.84000015258789,43.5,2.0625,5.6875,1.0,-30.1875,-32.5,-19.75,-2.6875,-25.6875,0.92730712890625,-0.0528564453125,0.00164794921875,-0.3704833984375,69.0,3,1,1,1,1,304404.0,15145
-0.32999998331069946,-1.709999918937683,13.219999313354492,44.375,2.625,5.25,24.375,-22.25,-49.1875,-22.0,4.6875,-21.1875,0.9246826171875,-0.051513671875,-0.0037841796875,-0.37725830078125,69.0,3,1,1,1,1,304424.0,15146
-0.08999999612569809,-1.6399999856948853,13.429999351501465,45.1875,2.9375,4.625,29.6875,-13.25,-39.8125,-22.0,4.6875,-21.1875,0.922119140625,-0.04766845703125,-0.00836181640625,-0.3839111328125,69.0,3,1,1,1,1,304444.0,15147
0.6200000047683716,-1.409999966621399,14.019999504089355,45.8125,3.5,4.25,16.5,-30.625,-34.0625,-22.0,4.6875,-21.1875,0.91998291015625,-0.04608154296875,-0.01385498046875,-0.3890380859375,69.0,3,1,1,1,1,304464.0,15148
-0.009999999776482582,-1.7300000190734863,12.420000076293945,47.9375,8.3125,1.9375,62.75,-73.6875,-26.125,-25.25,6.5,-25.375,0.91119384765625,-0.045166015625,-0.059326171875,-0.40521240234375,69.0,3,1,1,1,1,304544.0,15152
0.11999999731779099,-1.6899999380111694,11.229999542236328,48.0625,9.9375,0.75,58.3125,-90.125,-8.5,-25.25,6.5,-25.375,0.9097900390625,-0.04168701171875,-0.0767822265625,-0.40582275390625,69.0,3,1,1,1,1,304564.0,15153
0.08999999612569809,-1.6399999856948853,10.34999942779541,47.9375,11.875,-0.25,54.6875,-99.875,2.5,-27.5,6.5,-26.5625,0.90875244140625,-0.03997802734375,-0.0955810546875,-0.40435791015625,69.0,3,1,1,1,1,304584.0,15154
-0.11999999731779099,-1.350000023841858,8.84999942779541,47.625,13.875,-1.3125,57.5,-103.4375,12.125,-27.5,6.5,-26.5625,0.90789794921875,-0.03839111328125,-0.115234375,-0.40118408203125,69.0,3,1,1,1,1,304604.0,15155
0.8499999642372131,-1.1799999475479126,7.179999828338623,47.125,15.875,-2.1875,48.0,-101.875,22.3125,-27.875,8.375,-27.75,0.90753173828125,-0.03802490234375,-0.13421630859375,-0.3961181640625,69.0,3,1,1,1,1,304624.0,15156
1.0199999809265137,-1.0799999237060547,6.539999961853027,46.8125,17.625,-3.0625,47.6875,-87.75,5.3125,-27.875,8.375,-27.75,0.90631103515625,-0.037109375,-0.15130615234375,-0.39288330078125,69.0,3,1,1,1,1,304644.0,15157
1.1999999284744263,-1.0099999904632568,6.019999980926514,46.8125,19.1875,-4.0,43.125,-76.1875,-6.75,-27.875,8.375,-27.75,0.90411376953125,-0.0352783203125,-0.16650390625,-0.39190673828125,69.0,3,1,1,1,1,304664.0,15158
1.4800000190734863,-0.7699999809265137,5.779999732971191,46.875,20.5,-4.4375,11.1875,-67.6875,-0.625,-31.6875,4.0625,-28.375,0.9019775390625,-0.03668212890625,-0.178466796875,-0.39141845703125,69.0,3,1,1,1,1,304684.0,15159
2.1499998569488525,-0.10999999940395355,5.829999923706055,46.8125,21.75,-4.3125,-8.8125,-65.0625,7.625,-31.6875,4.0625,-28.375,0.90032958984375,-0.042236328125,-0.18798828125,-0.39019775390625,69.0,3,1,1,1,1,304704.0,15160
2.429999828338623,0.5699999928474426,5.519999980926514,46.6875,23.1875,-4.25,2.75,-75.5625,11.8125,-35.5,3.75,-27.5,0.898681640625,-0.0474853515625,-0.198974609375,-0.38800048828125,69.0,3,1,1,1,1,304724.0,15161
2.8499999046325684,-0.08999999612569809,2.93999981880188,45.8125,27.1875,-7.9375,95.25,-60.0625,-0.625,-36.6875,3.5,-25.5,0.89306640625,-0.03326416015625,-0.24188232421875,-0.3779296875,69.0,3,1,1,1,1,304784.0,15164
2.799999952316284,-0.5099999904632568,1.8899999856948853,45.4375,28.1875,-9.625,76.625,-51.0625,5.75,-36.6875,3.5,-25.5,0.89154052734375,-0.02423095703125,-0.2552490234375,-0.3734130859375,69.0,3,1,1,1,1,304804.0,15165
2.6599998474121094,-0.6800000071525574,1.809999942779541,45.125,29.0,-10.375,29.75,-38.3125,8.5,-38.25,5.0625,-26.875,0.890380859375,-0.0208740234375,-0.263916015625,-0.3702392578125,69.0,3,1,1,1,1,304824.0,15166
2.7100000381469727,0.0,1.5899999141693115,45.125,29.6875,-10.4375,-9.125,-32.625,2.625,-38.25,5.0625,-26.875,0.88909912109375,-0.0233154296875,-0.26910400390625,-0.36956787109375,69.0,3,1,1,1,1,304844.0,15167
3.3899998664855957,1.1899999380111694,2.0199999809265137,45.25,30.1875,-9.875,-32.25,-21.75,2.0,-38.25,5.0625,-26.875,0.88800048828125,-0.0291748046875,-0.2711181640625,-0.37030029296875,69.0,3,1,1,1,1,304864.0,15168
3.549999952316284,1.899999976158142,2.369999885559082,45.5,30.4375,-9.375,-29.125,-11.0625,-7.1875,-38.5,7.0,-26.875,0.88690185546875,-0.034423828125,-0.27117919921875,-0.37237548828125,69.0,3,1,1,1,1,304884.0,15169
3.740000009536743,2.1399998664855957,2.7100000381469727,45.8125,30.5,-9.0,-22.3125,-6.0625,-6.6875,-38.5,7.0,-26.875,0.88592529296875,-0.0382080078125,-0.27081298828125,-0.37457275390625,69.0,3,1,1,1,1,304904.0,15170
3.93999981880188,1.909999966621399,2.919999837875366,46.0,30.5,-8.875,-6.5,2.25,-10.4375,-39.0,5.0,-25.1875,0.88531494140625,-0.0394287109375,-0.27020263671875,-0.3763427734375,69.0,3,1,1,1,1,304924.0,15171
3.8499999046325684,2.369999885559082,2.7300000190734863,46.1875,30.375,-8.8125,-13.6875,6.1875,-2.6875,-39.0,5.0,-25.1875,0.885009765625,-0.03997802734375,-0.26885986328125,-0.3779296875,69.0,3,1,1,1,1,304944.0,15172
4.549999713897705,2.5299999713897705,2.7200000286102295,46.0,30.25,-7.875,-38.375,9.5,27.0,-39.0,5.0,-25.1875,0.88653564453125,-0.04571533203125,-0.2652587890625,-0.3763427734375,69.0,3,1,1,1,1,304964.0,15173
3.4099998474121094,1.559999942779541,4.46999979019165,46.1875,27.5,-7.1875,-30.6875,47.6875,-3.5625,-39.5,4.6875,-25.25,0.89166259765625,-0.040771484375,-0.24163818359375,-0.38067626953125,69.0,3,1,1,1,1,305044.0,15177
3.119999885559082,1.309999942779541,4.639999866485596,46.3125,26.5625,-6.375,-37.8125,49.875,3.0625,-39.5,4.6875,-25.25,0.89349365234375,-0.04345703125,-0.2318115234375,-0.38214111328125,69.0,3,1,1,1,1,305065.0,15178
2.819999933242798,0.6699999570846558,4.789999961853027,46.375,25.5,-5.75,-22.625,58.0,-2.0,-37.875,3.875,-26.0625,0.89544677734375,-0.0439453125,-0.22161865234375,-0.38360595703125,69.0,3,1,1,1,1,305084.0,15179
3.069999933242798,0.23999999463558197,5.529999732971191,46.5,24.1875,-5.5625,-11.25,68.0625,-9.5625,-37.875,3.875,-26.0625,0.897216796875,-0.04132080078125,-0.2108154296875,-0.38580322265625,69.0,3,1,1,1,1,305104.0,15180
2.6499998569488525,0.10999999940395355,5.980000019073486,46.6875,22.8125,-5.1875,-22.375,69.0,-6.375,-35.25,10.25,-24.75,0.89898681640625,-0.03936767578125,-0.19915771484375,-0.3880615234375,69.0,3,1,1,1,1,305124.0,15181
1.2999999523162842,-0.7899999618530273,6.190000057220459,46.75,21.5625,-4.625,-26.375,62.0625,1.0,-35.25,10.25,-24.75,0.90087890625,-0.0390625,-0.1876220703125,-0.3895263671875,69.0,3,1,1,1,1,305144.0,15182
0.8100000023841858,-1.5399999618530273,6.099999904632568,46.6875,20.4375,-4.0625,-29.125,59.1875,4.3125,-35.25,10.25,-24.75,0.90277099609375,-0.03948974609375,-0.1767578125,-0.39013671875,69.0,3,1,1,1,1,305164.0,15183
1.149999976158142,-2.069999933242798,6.87999963760376,46.625,19.25,-3.0,-57.5625,65.375,13.25,-33.5,8.375,-26.0625,0.9049072265625,-0.04290771484375,-0.163818359375,-0.39044189453125,69.0,3,1,1,1,1,305184.0,15184
1.7400000095367432,-1.5999999046325684,8.119999885559082,46.25,17.8125,-1.25,-85.5,79.125,36.8125,-33.5,8.375,-26.0625,0.9083251953125,-0.051025390625,-0.1466064453125,-0.388427734375,69.0,3,1,1,1,1,305204.0,15185
